@v_choice
$Dim[89]
#
%0,0.0102372,0.0101598,0.0161938,0.00649291,0.0110952,0.0112545,0.00376101,0.0159346,1.43361e-07,0.00466844,0.0242942,0,2.55213e-06,2.05268e-05,2.07053e-05,8.52697e-06,0.0163259,0.0071482,0.0273698,8.9039e-05,0.0168082,8.02041e-07,0.000703111,0,0.0221649,0.0483668,0.0121908,0.0123688,0.00573689,0,1.31888e-06,0.0200052,0,0.0682356,0.0410161,0.0259037,0.00567475,0.000291023,1.84783e-22,0,1.83933e-22,0.0282866,0.0064846,0.0017146,0.0252515,0.0129528,0.0114747,0.0078118,0.0676594,5.57797e-05,5.6232e-05,0.0114796,0.0100025,0.00782966,0.0244461,6.74017e-29,0.00579302,0.0255812,6.64148e-07,6.55132e-07,0.0424692,0.0389395,0.00577354,0.00568366,4.86107e-33,0.00447765,0.00400902,0,0.0133119,0.0127852,2.75329e-05,4.72265e-08,0.0378023,0.00444885,0.00666672,9.276e-07,0.0089792,0.0138834,0.0050249,0.00632695,0.010449,0.000311361,0.0112383,0.011403,0.0102087,0.00949554,9.29162e-06,0.0448477
@j_choice
$Dim[15]
#
%0.10509,0.0973569,0.0289797,0.042492,0.0968086,8.98689e-06,0.0307838,0.11947,0.0588,0.084926,0.0210591,0.0822879,0.0153038,0.208178,0.00845557
@d_gene
$Dim[15,3]
#[j_choice,0]
%0.814327,0.142226,0.0434468
#[j_choice,1]
%0.845054,0.117733,0.0372136
#[j_choice,2]
%0.809356,0.121523,0.0691207
#[j_choice,3]
%0.833864,0.123972,0.0421642
#[j_choice,4]
%0.846692,0.113924,0.0393846
#[j_choice,5]
%0.817452,0.146415,0.0361327
#[j_choice,6]
%0.830497,0.122316,0.0471875
#[j_choice,7]
%0.231166,0.291535,0.4773
#[j_choice,8]
%0.407074,0.260307,0.33262
#[j_choice,9]
%0.25851,0.366906,0.374584
#[j_choice,10]
%0.472233,0.24788,0.279887
#[j_choice,11]
%0.369039,0.333005,0.297956
#[j_choice,12]
%0.668935,0.172059,0.159006
#[j_choice,13]
%0.473469,0.191892,0.334639
#[j_choice,14]
%0.467945,0.19074,0.341315
@v_3_del
$Dim[89,21]
#[v_choice,0]
%0,0,0,0,0,0,0,0,0,0,0,0,0,0,0,0,0,0,0,0,0
#[v_choice,1]
%0.000306962,5.55942e-05,0.00961574,0.0205785,0.0300573,0.0426285,0.0746368,0.101843,0.0984215,0.0640119,0.154861,0.141277,0.101135,0.0401309,0.0688765,0.031504,0.00604708,0.00320728,0.0024547,0.00258936,0.0057619
#[v_choice,2]
%0.00030868,5.58038e-05,0.00967516,0.0206919,0.0302077,0.0427967,0.0749602,0.102184,0.0985936,0.0640235,0.155184,0.141285,0.100922,0.0398326,0.0684969,0.0311973,0.00585467,0.00307951,0.00237132,0.00254555,0.00573446
#[v_choice,3]
%0.0011279,4.35207e-05,0.0106634,0.020146,0.0352472,0.0324946,0.0789383,0.100376,0.0950092,0.0658503,0.172144,0.125274,0.104701,0.0391765,0.0659544,0.0354209,0.00649869,0.00221538,0.00293826,0.000722907,0.00505689
#[v_choice,4]
%0.0016744,0.000241138,0.0118061,0.0182773,0.0274892,0.0257205,0.0703336,0.104501,0.09855,0.0558162,0.154811,0.148158,0.117707,0.0419573,0.0684062,0.0333434,0.00814951,0.00306414,0.00157071,0.00176186,0.0066608
#[v_choice,5]
%0.000794358,5.10429e-05,0.0128769,0.0216137,0.0458361,0.0282954,0.0618263,0.0855074,0.110511,0.0466809,0.123961,0.150469,0.0882265,0.0251476,0.096956,0.0740713,0.00681489,0.00336595,0.00141503,0.00497115,0.010608
#[v_choice,6]
%0.000788299,5.11842e-05,0.0127902,0.0214953,0.0455852,0.0282831,0.061573,0.0852202,0.110262,0.0468378,0.123655,0.150253,0.0884944,0.0255631,0.097078,0.0742521,0.0070781,0.00356971,0.00151441,0.00504713,0.010608
#[v_choice,7]
%0.00071683,0.0012483,0.00192236,0.0133824,0.00557895,0.104503,0.1181,0.0785442,0.133444,0.299197,0.0881597,0.0518951,0.0501688,0.00731078,0.0170667,0.0139882,0.0065392,0.00104042,0.00176239,0.000683209,0.00474822
#[v_choice,8]
%4.82628e-06,0.00190497,0.00793492,0.0374149,0.0207703,0.126989,0.101599,0.0711209,0.142107,0.302639,0.0617124,0.0455404,0.0311084,0.0109212,0.0136059,0.00981143,0.00348585,0.00126805,0.00138331,0.00277453,0.00590318
#[v_choice,9]
%0,0,0,0,0,0,0,1,3.52378e-08,3.01936e-16,2.15025e-23,3.43762e-29,3.57321e-29,1.52995e-40,0,0,0,0,0,0,0
#[v_choice,10]
%2.54913e-06,0.000804651,0.00723583,0.0292243,0.0216224,0.140758,0.108508,0.0909418,0.131524,0.286999,0.0618119,0.0516266,0.0232894,0.0071913,0.017379,0.00975734,0.00317139,0.000187095,0.0021717,0.00145643,0.00433649
#[v_choice,11]
%4.15104e-05,0.00164593,0.0111861,0.0335673,0.0192951,0.123279,0.101031,0.0849898,0.134234,0.282279,0.059462,0.0556452,0.0375609,0.010081,0.0171053,0.0146542,0.00336808,0.00119897,0.000703513,0.00287347,0.00579879
#[v_choice,12]
%0,0,0,0,0,0,0,0,0,0,0,0,0,0,0,0,0,0,0,0,0
#[v_choice,13]
%0,0,0,0,0,0,0,0,0,0,0,0,0,0,0,0.499998,0,0,0,0,0.500002
#[v_choice,14]
%0,0,0,0,0,0,0,0,0,0,0.261537,0.100881,0.0447674,0,0,0,2.66116e-21,0,0,0,0.592815
#[v_choice,15]
%0,0,0,0,0,0,0,0,0,0,0.260108,0.100985,0.0454291,1.56668e-10,0,0,1.25306e-09,0,0,0,0.593477
#[v_choice,16]
%0,0,0,0,0,0,0,0,0,0,0.629614,0.242901,0.107774,0,0,0,0,0,0,0,0.019711
#[v_choice,17]
%9.19138e-09,1.39016e-05,0.0500148,0.0638811,0.0354378,0.0398867,0.183629,0.0842849,0.0897541,0.134724,0.112284,0.096895,0.0248296,0.0282711,0.0169455,0.0126711,0.0120817,0.00278477,0.00197072,0.00270395,0.0069365
#[v_choice,18]
%0.000186668,0.00311318,0.00474982,0.00595479,0.00562736,0.0849869,0.11145,0.0701518,0.137253,0.345081,0.067134,0.0475663,0.0354599,0.0106208,0.0224202,0.0117553,0.00254635,0.000679907,7.16155e-05,8.30641e-09,0.0331905
#[v_choice,19]
%0.000404324,0.00145296,0.00582123,0.0850133,0.0942498,0.176301,0.0868874,0.111424,0.172993,0.1121,0.0511761,0.029365,0.0256545,0.0128378,0.0169091,0.00759411,0.00158234,0.00151413,0.000696665,0.0024746,0.00354788
#[v_choice,20]
%0.000512613,0.0506191,0.0278655,0.0425722,0.0552859,0.0830227,0.134406,0.0912493,0.0899178,0.0633058,0.0767063,0.0772338,0.0783407,0.0717132,1.02146e-10,0.0572474,2.16457e-06,1.38587e-15,6.40654e-24,8.20679e-32,1.36012e-33
#[v_choice,21]
%0.000147447,0.00172253,0.0145517,0.128259,0.0460352,0.164208,0.0886285,0.140542,0.0765214,0.14057,0.0414691,0.0355369,0.0546234,0.0275715,0.0114208,0.0154683,0.00426122,0.00126122,0.00156531,0.00133267,0.00430446
#[v_choice,22]
%0,0,0,0,0,0,0,0,0,0,1,1.47277e-07,1.29526e-16,0,0,0,0,0,0,0,6.41142e-09
#[v_choice,23]
%0,0,0.000684125,0.06518,0.0529461,0.223203,0.127852,0.134075,0.161155,0.0910276,0.07008,0.0208472,0.0325538,0.000455953,0.0123294,0.00210294,1.5122e-06,0,0.00117294,0.00433284,4.03831e-08
#[v_choice,24]
%0,0,0,0,0,0,0,0,0,0,0,0,0,0,0,0,0,0,0,0,0
#[v_choice,25]
%0.000244972,0.000485714,0.00174192,0.0478713,0.0203697,0.0924505,0.163998,0.209148,0.16971,0.0845702,0.113853,0.0187678,0.0445927,0.0070798,0.0110446,0.00431275,0.0016673,0.000852954,0.000883911,0.00118068,0.00517417
#[v_choice,26]
%0.000694764,0.000740339,0.00648032,0.00994248,0.00668042,0.0486081,0.0302656,0.150074,0.0740533,0.163688,0.0797691,0.143702,0.055795,0.0817124,0.0672409,0.0417643,0.00930153,0.00464757,0.00379804,0.0064464,0.0145949
#[v_choice,27]
%0.00484574,0.000465074,0.00459782,0.0093251,0.00984423,0.0275946,0.0754506,0.0886723,0.121354,0.0772417,0.191885,0.138045,0.105372,0.0419272,0.0485231,0.0316169,0.00668942,0.00173109,0.00056399,0.00485806,0.00939763
#[v_choice,28]
%0.0048035,0.000467364,0.00457713,0.00927436,0.00980314,0.0274187,0.0749854,0.0883089,0.120948,0.0772218,0.191219,0.138144,0.105734,0.0424174,0.0490386,0.0319546,0.00694798,0.00184531,0.00060294,0.0048975,0.00939011
#[v_choice,29]
%6.07579e-06,0.000183378,3.4938e-05,0.0142943,0.00438877,0.0136338,0.0206144,0.101562,0.056101,0.142685,0.204687,0.0974358,0.0404474,0.0735181,0.037584,0.0282853,0.0185044,0.0169663,0.0168088,0.0034359,0.108823
#[v_choice,30]
%0,0,0,0,0,0,0,0,0,0,0,0,0,0,0,0,0,0,0,0,0
#[v_choice,31]
%0,0,0,0,0,0,0,0,0,0,0,0,0,0,0,1,3.93797e-10,6.8705e-15,0,0,0
#[v_choice,32]
%0.000819687,0.000864944,0.00158381,0.0108303,0.0392432,0.114726,0.0714117,0.117498,0.136023,0.0923471,0.103426,0.10354,0.0862344,0.0306373,0.039099,0.020705,0.00815266,0.00356692,0.00238951,0.0047319,0.0121697
#[v_choice,33]
%0,0,0,0,0,0,0,0,0,0,0,0,0,0,0,0,0,0,0,0,0
#[v_choice,34]
%7.94284e-05,0.000513947,0.00177501,0.0129677,0.00725816,0.0527839,0.0839673,0.106393,0.107109,0.19842,0.125929,0.114052,0.0775168,0.0281567,0.0412039,0.0224552,0.00457235,0.00221388,0.00231911,0.00295489,0.00735842
#[v_choice,35]
%5.19888e-05,0.000413478,0.00226871,0.0101892,0.013623,0.0449723,0.0699278,0.131527,0.0914037,0.177008,0.175616,0.101696,0.0655692,0.0233898,0.0394916,0.0222516,0.0062773,0.00477817,0.00159935,0.00487752,0.013069
#[v_choice,36]
%0.00060752,0.000565683,0.00763083,0.0156394,0.0135717,0.0317403,0.0445276,0.0864174,0.168392,0.0875674,0.157273,0.186075,0.121327,0.0229672,0.0209928,0.0100344,0.00350957,0.00346092,0.00243418,0.00221345,0.0130532
#[v_choice,37]
%0.00278923,0.00214211,0.0279938,0.0536045,0.0404896,0.0851322,0.0777557,0.122613,0.186581,0.0656811,0.131163,0.125771,0.0681465,0.00600439,0.00345071,0.000632189,3.59193e-05,1.28209e-05,1.63845e-06,6.24115e-07,2.55177e-08
#[v_choice,38]
%0,0,0,0.000702399,1.67389e-05,0.0270584,0.0655001,0.0528649,0.0425367,0.175033,0.0301729,0.0283721,0.090714,0.0499958,0.0717448,0.076146,0.0578768,0.011235,0.00572659,0.0333969,0.180907
#[v_choice,39]
%0,0,0,0,0,0,0,0,0,1,3.88038e-07,1.86662e-12,1.16643e-19,4.93316e-19,1.25903e-21,2.1941e-21,1.22753e-21,0,0,1.30021e-22,6.62815e-25
#[v_choice,40]
%0,0,0,0,0,0,0,0,0,0,0,0,0,0,0,0,0,0,0,0,0
#[v_choice,41]
%0,0,0,0,0,0,0,0,0,1,0,0,0,0,0,1.32138e-22,2.67665e-22,0,0,1.13531e-22,5.06611e-25
#[v_choice,42]
%5.09847e-07,0.00150564,0.0449515,0.0791616,0.0589808,0.071395,0.145117,0.138761,0.146968,0.1198,0.0619943,0.0427295,0.0494452,0.0125548,0.00315778,0.00260025,0.00404946,0.0027319,0.00360664,0.00119808,0.00929194
#[v_choice,43]
%4.64504e-31,0.00135689,0.036745,0.0639794,0.0505507,0.0572973,0.13511,0.121746,0.152208,0.120727,0.0800546,0.0512796,0.0710712,0.0193513,0.00594951,0.00570163,0.00538333,0.00309635,0.00472815,0.00175512,0.0119088
#[v_choice,44]
%0,0.00388611,0.0890214,0.111383,0.0716052,0.0957866,0.189962,0.15246,0.113325,0.0927651,0.0376425,0.0144079,0.020674,0.00480968,5.56049e-05,8.63738e-05,0.00200973,0.000120709,3.05887e-08,0,5.93904e-15
#[v_choice,45]
%0.000336672,0.00173983,0.00769695,0.115917,0.116551,0.172823,0.0851987,0.128229,0.169079,0.0831075,0.033285,0.0237532,0.0230247,0.00935383,0.0125333,0.00951984,0.00245197,0.000883459,0.000705222,0.000627662,0.00318353
#[v_choice,46]
%0.000244817,0.00135612,0.00973272,0.120209,0.100359,0.193565,0.085484,0.132946,0.166778,0.085328,0.026503,0.0275675,0.0208084,0.00777983,0.00854608,0.00596381,0.00338579,0.00133221,0.00179084,1.23699e-10,0.000320115
#[v_choice,47]
%0.000412828,0.00216354,0.00768794,0.115799,0.107111,0.167901,0.0841293,0.132987,0.165786,0.0739221,0.0316782,0.0267834,0.0337204,0.0127727,0.0144952,0.013779,0.00487213,0.00233546,0.00166322,1.22951e-10,3.35443e-09
#[v_choice,48]
%0.00060997,0.00317179,0.0102472,0.151717,0.131327,0.202441,0.0880988,0.137531,0.158406,0.0612254,0.0193587,0.0124357,0.0134979,0.00312521,0.00334304,0.00273605,0.000638029,7.70117e-05,1.30595e-05,2.22467e-13,7.63262e-10
#[v_choice,49]
%0.000273718,0.000706234,0.0115661,0.00866567,0.106836,0.13333,0.0819005,0.132727,0.265326,0.0722629,0.0542285,0.0588023,0.0209077,0.0285631,0.0132094,0.00288032,0.00121984,0.00145026,0.00071008,0.000123374,0.00431116
#[v_choice,50]
%0,0,0,0,0,0,0,0,0,0,0,0,0.0105792,0,0,0.0113534,0,0,0,0,0.978067
#[v_choice,51]
%0,0,0,0,0,0,0,0,0,0,0,0,0.0105748,0,0,0.0114111,0,0,0,0,0.978014
#[v_choice,52]
%0.000408607,0.000542858,0.0072769,0.00383622,0.0802742,0.140451,0.0996339,0.138575,0.29278,0.070932,0.0545078,0.0398354,0.0131733,0.0168425,0.0178294,0.00602757,0.00101497,0.00145379,0.00278558,0.00294108,0.00887735
#[v_choice,53]
%0.000471857,0.000628202,0.00821654,0.00434944,0.0908461,0.155486,0.104437,0.147093,0.307213,0.0744507,0.0473932,0.0281173,0.00938891,0.010989,0.00770965,0.00245163,0.000371032,0.000229554,6.83704e-05,5.67917e-05,3.28592e-05
#[v_choice,54]
%1.59354e-05,0.00104531,0.00394009,0.00338643,0.0759699,0.159799,0.105642,0.13868,0.302297,0.0738085,0.0541902,0.0358316,0.0107522,0.0124713,0.00830225,0.00406269,0.00199233,0.000617688,0.0014391,0.00122261,0.00453375
#[v_choice,55]
%0.000872287,0.00048292,0.0056167,0.00717761,0.0816358,0.161276,0.103521,0.145823,0.295317,0.0718118,0.0527349,0.0322138,0.0074433,0.0139681,0.00838831,0.00340835,0.00132651,0.00126641,0.00126496,0.000917838,0.00353339
#[v_choice,56]
%0,0,0,0,0,0,0,0,0,0,0,0,1,1.99791e-11,0,0,0,0,0,0,0
#[v_choice,57]
%2.35143e-06,0.00027157,0.0102447,0.00457539,0.0782715,0.167227,0.0883652,0.130083,0.298368,0.0738001,0.0556848,0.0384026,0.0100489,0.0204325,0.00790391,0.00583916,0.000808067,0.000366534,0.00312232,0.00101829,0.00516428
#[v_choice,58]
%0.00248148,0.00126942,0.0065784,0.0162126,0.0186104,0.0571265,0.148635,0.109091,0.136834,0.0781923,0.118374,0.0992698,0.0713961,0.0310153,0.0450993,0.0325132,0.00731686,0.00314915,0.00242743,0.00475121,0.00965643
#[v_choice,59]
%0,0,0,0,0,0,0,0,0,0.999999,5.97951e-07,6.08577e-12,1.34924e-20,2.5306e-28,4.72816e-27,1.05362e-35,5.05026e-40,0,0,0,0
#[v_choice,60]
%0,0,0,0,0,0,0,0,0,1,0,0,0,0,0,0,0,0,0,0,0
#[v_choice,61]
%0.000835599,0.000444355,0.0255091,0.0238684,0.0502891,0.031549,0.130447,0.0913955,0.110358,0.0667014,0.151167,0.120976,0.0771411,0.0327097,0.0453335,0.0229756,0.00397362,0.00132236,0.00152493,0.00245505,0.00902414
#[v_choice,62]
%5.18243e-06,0.000254338,0.0137473,0.0212735,0.0275166,0.0238649,0.124835,0.147235,0.0857977,0.116632,0.15909,0.0998178,0.0646114,0.0242212,0.0404534,0.0281513,0.00616975,0.0023608,0.0019443,0.00445507,0.00756324
#[v_choice,63]
%0.000156613,0.000265381,0.0114355,0.0204631,0.0239973,0.0159843,0.115458,0.129394,0.0720235,0.123813,0.175548,0.119548,0.0723414,0.0251918,0.0403429,0.0280593,0.00585044,0.00352366,0.00179415,0.00417676,0.0106327
#[v_choice,64]
%0.000157195,0.000266794,0.0115352,0.020595,0.0241172,0.0160145,0.116286,0.129942,0.0719713,0.123922,0.176024,0.119285,0.0718286,0.0247562,0.0399093,0.0277984,0.0056504,0.00339392,0.00173256,0.00415278,0.0106614
#[v_choice,65]
%0,0,0,0,0,0,0,0,0,1,8.303e-09,0,0,0,0,0,0,0,0,0,0
#[v_choice,66]
%0.00125579,0.00025301,0.0185576,0.0187234,0.0238994,0.0157144,0.112196,0.154857,0.0729812,0.0920974,0.183453,0.127828,0.0689309,0.0317021,0.0350865,0.0262143,0.00415901,0.00108404,0.00312229,0.00253888,0.00534479
#[v_choice,67]
%2.18644e-07,1.04374e-05,0.00169635,0.0161156,0.0182515,0.0462993,0.117522,0.132759,0.123597,0.0981381,0.128452,0.121103,0.0784426,0.0235356,0.0428782,0.0266993,0.00451691,0.0026504,0.00283693,0.0027373,0.0117587
#[v_choice,68]
%0,0,0,0,0,0,0,0,0,0,0,0,0,0,0,0,0,0,0,0,0
#[v_choice,69]
%0.00039336,0.0012236,0.00357331,0.0147532,0.00579169,0.13928,0.123246,0.0691307,0.147691,0.307874,0.0609596,0.0455088,0.0280633,0.00994374,0.0120632,0.0117118,0.00346859,0.00174336,0.00149614,0.00354996,0.00853444
#[v_choice,70]
%0.000408131,0.00126603,0.00369671,0.0152649,0.00597745,0.144147,0.126476,0.0708684,0.15058,0.313072,0.060984,0.0443734,0.0275778,0.0095065,0.0103698,0.00995943,0.00226223,0.00095889,0.000243239,0.00102119,0.000987007
#[v_choice,71]
%0,0,0,0,0,0.00528154,1.75197e-08,9.80496e-05,0.0170309,1.51816e-05,0,0,0,0,0,0.0240517,1.57991e-07,0.00112937,0.0628278,0.436678,0.452887
#[v_choice,72]
%0.0239235,3.19445e-05,8.93132e-05,0.000282817,5.2433e-05,0.975291,0.00032651,8.40542e-07,6.21639e-07,8.30157e-07,6.75953e-08,1.73929e-08,1.58513e-08,9.42799e-11,2.03696e-12,2.36069e-11,2.4381e-16,3.59835e-25,1.775e-33,0,0
#[v_choice,73]
%0.000545788,0.00087945,0.0042161,0.0118109,0.00425638,0.0949906,0.145099,0.0562596,0.158423,0.321079,0.064011,0.0485559,0.0334169,0.0120497,0.0161583,0.0143417,0.00359408,0.000821393,0.00148573,0.00258839,0.00541773
#[v_choice,74]
%0.000192275,0.00214428,0.00253917,0.0168329,0.00604558,0.089706,0.135065,0.0710178,0.155139,0.303539,0.0745543,0.0448619,0.0394282,0.00945541,0.0185399,0.0145114,0.00554258,0.00170622,0.000695995,0.00355215,0.00493054
#[v_choice,75]
%0.00222888,0.00110218,0.00328955,0.0158419,0.00541129,0.0959789,0.151972,0.0688842,0.1451,0.292623,0.0631196,0.04972,0.035773,0.0105186,0.0234634,0.0148591,0.0053968,0.00273692,9.70666e-05,0.00316212,0.00872147
#[v_choice,76]
%0,2.39757e-17,5.20562e-29,0,3.09892e-32,5.6787e-22,0,0,0,2.99654e-07,0,0,0,0,0,0.999599,0.000401112,8.87061e-19,1.27692e-27,2.83909e-35,3.52178e-37
#[v_choice,77]
%0.00135072,0.000433792,0.00239192,0.00747341,0.00193424,0.113048,0.117914,0.091178,0.145571,0.326922,0.0637843,0.0486823,0.0333082,0.010898,0.0123524,0.0111736,0.00275496,0.00139694,0.000609012,0.00151162,0.00531199
#[v_choice,78]
%1.19831e-05,0.00156823,0.00315458,0.019913,0.00743643,0.13904,0.130362,0.070345,0.141614,0.30028,0.0614036,0.0365333,0.032011,0.0101243,0.0159331,0.0154094,0.00482299,0.00191672,0.000306758,0.00346067,0.00435318
#[v_choice,79]
%0.000369894,0.000669921,0.0043599,0.0100497,0.00312534,0.105327,0.129494,0.0688498,0.134535,0.319436,0.0673081,0.0407907,0.0378734,0.00934686,0.0192492,0.0219559,0.00977351,0.00339996,0.00119297,0.00615152,0.00674229
#[v_choice,80]
%5.20184e-05,0.00168075,0.00444584,0.0174481,0.00818501,0.136074,0.120898,0.0786137,0.137858,0.274813,0.0677608,0.0555182,0.0336317,0.0112261,0.0155409,0.0158868,0.00678621,0.00263952,0.000931829,0.00473176,0.0052772
#[v_choice,81]
%1.61234e-07,0.000480013,0.00370776,0.0194408,0.00912878,0.137892,0.131957,0.0548105,0.149196,0.301733,0.0606587,0.0474245,0.0344857,0.0109881,0.0131208,0.0101707,0.00436119,0.00147525,0.000761083,0.00228648,0.00592076
#[v_choice,82]
%0,0.00908921,0.00352281,0.000499428,0.00125355,0.121998,0.101171,0.0673842,0.129883,0.367765,0.0777875,0.0289716,0.0514363,0.00482467,0.0101659,0.0062152,0.00624814,0.00290348,0.00366417,0.00521739,1.91427e-11
#[v_choice,83]
%7.28308e-05,0.000524129,0.00381129,0.0127226,0.00555337,0.114002,0.120758,0.0783231,0.132496,0.310774,0.0668822,0.0503367,0.0354449,0.0134507,0.0151118,0.0155333,0.00380366,0.000706477,0.00778893,0.00410015,0.00780332
#[v_choice,84]
%7.23057e-05,0.000520673,0.00378566,0.0126377,0.00553564,0.113106,0.120207,0.0782517,0.132222,0.309469,0.0674857,0.0511704,0.036126,0.0138422,0.0154163,0.0156776,0.00391708,0.000738595,0.00788515,0.00413307,0.00780043
#[v_choice,85]
%8.01749e-05,0.000576944,0.00419392,0.0139912,0.00610773,0.124746,0.127371,0.0820907,0.135755,0.318116,0.0685687,0.0490736,0.0299884,0.0109113,0.0126384,0.0107599,0.00178753,0.00019437,0.00208355,0.000616277,0.000349272
#[v_choice,86]
%8.61773e-05,0.00062035,0.00450765,0.0149748,0.0064582,0.131243,0.131158,0.0840536,0.13958,0.323833,0.0684237,0.046785,0.0224887,0.00708612,0.00874924,0.00728913,0.00119227,7.28526e-05,0.00109283,0.000233537,7.1665e-05
#[v_choice,87]
%0,0,5.11226e-05,6.92316e-36,0,0.160665,7.12581e-07,0.479506,0.359777,5.96467e-08,6.02253e-15,2.49044e-21,1.60621e-30,0,0,0,0,0,0,1.66551e-20,5.39401e-21
#[v_choice,88]
%0.00311592,0.000659177,0.0124693,0.00152653,0.227091,0.0774875,0.0734199,0.155994,0.232173,0.0425281,0.0589528,0.0404565,0.0176136,0.0223529,0.0183433,0.00350717,0.00179993,0.00124425,0.00271845,0.00137644,0.00517062
@d_5_del
$Dim[3,21]
#[d_gene,0]
%0.00547108,0.00319105,0.0477128,0.0169162,0.0807347,0.133881,0.153999,0.104646,0.15315,0.113423,0.0571842,0.0446569,0.0281755,0.0422396,0.000141367,0.0037955,0.0106823,0,0,0,0
#[d_gene,1]
%0.000156988,0.0018798,0.0239452,0.0112405,0.0466955,0.0642989,0.0745458,0.0535271,0.099276,0.0986237,0.0638286,0.0613311,0.113886,0.0820972,0.0617345,0.0452374,0.0392029,0.0314655,0.00336808,0.00876769,0.0148916
#[d_gene,2]
%0.000239976,0.00267097,0.0419056,0.0172197,0.072891,0.0910957,0.104992,0.0620815,0.128402,0.0996426,0.0599198,0.0515259,0.05764,0.0295013,0.0200147,0.081623,0.0457918,0.0193887,0.00155066,0.00421752,0.00768552
@d_3_del
$Dim[3,21,21]
#[d_gene,0],[d_5_del,0]
%4.20432e-07,0,5.45229e-07,0.000295303,0.002717,0.000460598,0.00709832,0.0396775,0.00350805,0.00760512,0.0056816,0.00337476,0.00189961,2.38714e-09,0,5.96388e-06,0.00101682,0.0233263,0.045825,0.294625,0.562882
#[d_gene,0],[d_5_del,1]
%6.33752e-11,6.20821e-08,0.000165997,0.00162227,0.0115483,0.00379655,0.0272251,0.126689,0.0272436,0.0904675,0.0479168,0.0473239,0.0270185,9.68691e-08,0,0.000594581,0.026042,0.110772,0.0469097,0.404663,0
#[d_gene,0],[d_5_del,2]
%3.6181e-10,4.60809e-05,0.00317599,0.00446865,0.0485619,0.00835132,0.086067,0.288177,0.0654482,0.207966,0.123894,0.12281,0.0244909,1.96806e-07,0,0.000203713,0.00218825,0.00192653,0.0122249,0,0
#[d_gene,0],[d_5_del,3]
%6.04552e-08,2.75926e-05,0.00357327,0.00252473,0.0391785,0.0126389,0.0798861,0.216016,0.0646561,0.211863,0.154103,0.148097,0.0505908,6.56933e-10,0,4.42505e-05,0.00182708,0.014974,0,0,0
#[d_gene,0],[d_5_del,4]
%3.07243e-06,5.1037e-05,0.00321849,0.00298769,0.0382114,0.0150488,0.0803316,0.214431,0.0643901,0.251837,0.105537,0.134371,0.0882218,1.04018e-09,0,2.81322e-06,0.0013565,0,0,0,0
#[d_gene,0],[d_5_del,5]
%2.59478e-06,1.75993e-05,0.0023857,0.0025442,0.035783,0.0133861,0.0577336,0.2135,0.0872929,0.204722,0.0511848,0.128824,0.202036,8.1908e-06,4.14745e-05,0.000537315,0,0,0,0,0
#[d_gene,0],[d_5_del,6]
%6.31128e-08,1.68128e-05,0.00330485,0.00436513,0.0421198,0.0133439,0.0740712,0.281359,0.119304,0.207818,0.0507006,0.202359,0.00117527,3.14274e-06,5.96018e-05,0,0,0,0,0,0
#[d_gene,0],[d_5_del,7]
%8.02578e-07,3.42708e-05,0.00919537,0.00852077,0.0679691,0.0157974,0.115854,0.351171,0.0886108,0.10074,0.239855,0.00219143,5.28792e-05,7.81005e-06,0,0,0,0,0,0,0
#[d_gene,0],[d_5_del,8]
%2.49953e-07,3.58644e-05,0.00631796,0.00618602,0.0631125,0.0272431,0.112594,0.33592,0.109982,0.33702,0.00156779,1.91871e-05,1.78089e-07,0,0,0,0,0,0,0,0
#[d_gene,0],[d_5_del,9]
%7.29811e-07,2.39175e-05,0.00893196,0.0102519,0.0649241,0.0614396,0.169971,0.284729,0.396577,0.00312924,2.11683e-05,1.37682e-09,0,0,0,0,0,0,0,0,0
#[d_gene,0],[d_5_del,10]
%1.82868e-06,0.000131944,0.0327862,0.0291252,0.0763124,0.201347,0.276163,0.383263,0.000866637,2.81185e-06,2.92863e-11,0,0,0,0,0,0,0,0,0,0
#[d_gene,0],[d_5_del,11]
%4.46415e-05,0.00029592,0.0169238,0.0251561,0.118665,0.351555,0.487057,0.000303119,1.1479e-09,1.76953e-12,0,0,0,0,0,0,0,0,0,0,0
#[d_gene,0],[d_5_del,12]
%7.22624e-05,0.000779467,0.00599441,0.0278769,0.193839,0.770475,0.000961553,2.91127e-07,4.73613e-07,0,0,0,0,0,0,0,0,0,0,0,0
#[d_gene,0],[d_5_del,13]
%0,0.00214856,0.00577484,0.0404871,0.95049,0.000930549,1.69218e-05,0.000152534,0,0,0,0,0,0,0,0,0,0,0,0,0
#[d_gene,0],[d_5_del,14]
%0,0,1.12592e-05,6.91836e-07,0.20472,0.0295168,0.765751,0,0,0,0,0,0,0,0,0,0,0,0,0,0
#[d_gene,0],[d_5_del,15]
%0,0,0,0.0152777,0.411966,0.572757,0,0,0,0,0,0,0,0,0,0,0,0,0,0,0
#[d_gene,0],[d_5_del,16]
%0,0,0,0,1,0,0,0,0,0,0,0,0,0,0,0,0,0,0,0,0
#[d_gene,0],[d_5_del,17]
%0,0,0,0,0,0,0,0,0,0,0,0,0,0,0,0,0,0,0,0,0
#[d_gene,0],[d_5_del,18]
%0,0,0,0,0,0,0,0,0,0,0,0,0,0,0,0,0,0,0,0,0
#[d_gene,0],[d_5_del,19]
%0,0,0,0,0,0,0,0,0,0,0,0,0,0,0,0,0,0,0,0,0
#[d_gene,0],[d_5_del,20]
%0,0,0,0,0,0,0,0,0,0,0,0,0,0,0,0,0,0,0,0,0
#[d_gene,1],[d_5_del,0]
%0,0,0.0317921,0.030136,0.00118389,0.0493692,0.0745217,0.0349734,0.0235817,0.0191692,0.0127143,0.0202989,0.019164,0.00801516,0.0197389,0.146294,0.0552078,1.65687e-08,3.58391e-09,0.00152174,0.452318
#[d_gene,1],[d_5_del,1]
%0,0,0.000148999,0.0361818,0.00269974,0.0215386,0.0490892,0.0136472,0.0119531,0.0209276,0.0157815,0.0109139,0.0229287,0.00670994,0.0343491,0.121047,0.0449089,2.96803e-08,0,0.00422334,0.582951
#[d_gene,1],[d_5_del,2]
%4.65178e-08,5.43421e-06,0.0178502,0.0138136,0.0166243,0.0504463,0.0640467,0.03814,0.0244082,0.052787,0.0447783,0.0489348,0.0658722,0.0307563,0.0669103,0.36851,0.0447539,6.53607e-08,0,0.000634744,0.0507275
#[d_gene,1],[d_5_del,3]
%0,1.95973e-06,0.00883394,0.00524015,0.00500516,0.0273242,0.049616,0.0219726,0.0198486,0.0390462,0.0261107,0.0305283,0.0400906,0.0231514,0.0610174,0.403267,0.145253,4.06135e-11,0,0.00116576,0.0925271
#[d_gene,1],[d_5_del,4]
%1.12885e-09,1.30872e-05,0.0107335,0.0155647,0.00889022,0.0418733,0.057988,0.0558889,0.0341414,0.0638398,0.0345537,0.0385214,0.0402398,0.0203601,0.0618,0.282447,0.120745,2.71396e-11,1.5749e-09,0.000400388,0.112
#[d_gene,1],[d_5_del,5]
%4.11694e-08,0.000249745,0.0104042,0.0187084,0.00967461,0.0583156,0.0825867,0.074614,0.0390305,0.0585431,0.0286564,0.0371232,0.0402531,0.0114086,0.0382486,0.243708,0.224615,5.35237e-06,0.00067042,0.0231837,0
#[d_gene,1],[d_5_del,6]
%1.42852e-07,5.64997e-05,0.0129837,0.0256908,0.00855972,0.0620415,0.0961372,0.120437,0.0445459,0.0580565,0.0292187,0.0443373,0.0550299,0.00831837,0.0395966,0.384238,0.00483873,8.59148e-05,0.00582715,0,0
#[d_gene,1],[d_5_del,7]
%2.33886e-06,0.000169831,0.0236641,0.0272251,0.00795586,0.060834,0.0938466,0.0797343,0.0295359,0.0433514,0.034666,0.0292467,0.0424808,0.0190538,0.497493,0.00762558,0.00129499,0.00181937,0,0,0
#[d_gene,1],[d_5_del,8]
%7.44773e-06,0.000211582,0.0152437,0.0284728,0.0105852,0.09139,0.125876,0.109712,0.0523413,0.0780215,0.0416065,0.0366982,0.0376461,0.364461,0.00730963,0.000256043,0.000160089,0,0,0,0
#[d_gene,1],[d_5_del,9]
%2.62013e-07,0.000469065,0.0230902,0.0343893,0.0107615,0.0824298,0.108398,0.0935752,0.0380115,0.0492145,0.022584,0.0312082,0.479884,0.0252927,0.000681043,1.09819e-05,0,0,0,0,0
#[d_gene,1],[d_5_del,10]
%4.36957e-05,0.000254298,0.0232821,0.0300831,0.0211392,0.115399,0.117069,0.108824,0.0449196,0.0499783,0.0407105,0.445442,0.00278077,7.26046e-05,1.91723e-06,0,0,0,0,0,0
#[d_gene,1],[d_5_del,11]
%6.56261e-05,0.000292005,0.0377349,0.0350717,0.0259933,0.11954,0.145987,0.128151,0.0605091,0.096212,0.341684,0.00874831,1.10496e-05,1.72387e-07,0,0,0,0,0,0,0
#[d_gene,1],[d_5_del,12]
%1.13268e-06,1.88588e-05,0.00328637,0.00579013,0.027444,0.0537755,0.0615844,0.0939299,0.0843967,0.662483,0.00693437,0.000355642,2.18285e-07,0,0,0,0,0,0,0,0
#[d_gene,1],[d_5_del,13]
%2.73104e-05,0.000529117,0.0173804,0.0956385,0.277756,0.143299,0.11492,0.150857,0.196058,0.00350004,1.56313e-05,1.87566e-05,0,0,0,0,0,0,0,0,0
#[d_gene,1],[d_5_del,14]
%0.00256654,0.00519203,0.0376405,0.152151,0.189881,0.152155,0.200007,0.259563,0.000700845,4.45942e-05,9.78006e-05,0,0,0,0,0,0,0,0,0,0
#[d_gene,1],[d_5_del,15]
%0.00408043,0.00927684,0.0475776,0.105217,0.205802,0.27211,0.354069,0.0007574,8.19128e-05,0.00102762,0,0,0,0,0,0,0,0,0,0,0
#[d_gene,1],[d_5_del,16]
%0.0194482,0.0223832,0.0778054,0.146341,0.31228,0.409023,0.00164881,0.00132586,0.00974331,0,0,0,0,0,0,0,0,0,0,0,0
#[d_gene,1],[d_5_del,17]
%0,0.0957197,0.185945,0.161061,0.506415,0.00229811,0.00445201,0.0441086,0,0,0,0,0,0,0,0,0,0,0,0,0
#[d_gene,1],[d_5_del,18]
%0,0,0.000241188,4.77158e-06,0.000179817,0.0455406,0.954034,0,0,0,0,0,0,0,0,0,0,0,0,0,0
#[d_gene,1],[d_5_del,19]
%0,0,0,0.00449716,0.0266348,0.968868,0,0,0,0,0,0,0,0,0,0,0,0,0,0,0
#[d_gene,1],[d_5_del,20]
%0,0,0,0,1,0,0,0,0,0,0,0,0,0,0,0,0,0,0,0,0
#[d_gene,2],[d_5_del,0]
%0.00146031,0.0292166,0.0246957,0.0343812,0.0748974,0.0499725,0.0250153,0.0324618,0.0531813,0.044407,0.0270123,0.0437556,0.0334343,0.0126425,0.0226891,0.0873643,0.0224593,4.42433e-07,0,0.00197778,0.378975
#[d_gene,2],[d_5_del,1]
%0.000728695,0.000407574,0.0114042,0.000754845,0.00394985,0.00925178,0.0657015,0.0295066,0.0223708,0.0382611,0.0288128,0.0246606,0.0455765,0.0122031,0.0331321,0.087159,0.0217058,4.44377e-08,0,0.00427047,0.560143
#[d_gene,2],[d_5_del,2]
%4.99679e-05,0.000794997,0.0218354,0.00532714,0.00605011,0.0181645,0.108843,0.061178,0.0389075,0.0913191,0.0741889,0.0843869,0.108528,0.0384563,0.0539683,0.217604,0.0194824,3.5005e-08,0,0.000956168,0.0499597
#[d_gene,2],[d_5_del,3]
%0.00134443,0.000167754,0.0101781,0.00320149,0.00436402,0.0113379,0.0994488,0.0487539,0.0349777,0.0690623,0.0492934,0.0560238,0.074124,0.0331439,0.0520772,0.26087,0.0829813,1.92398e-10,0,0.00224235,0.106408
#[d_gene,2],[d_5_del,4]
%0.000249214,0.000460092,0.0169407,0.0048366,0.0031317,0.0190103,0.140133,0.0749063,0.0593569,0.108399,0.0620332,0.0683867,0.064764,0.0236398,0.0455193,0.156158,0.0496923,3.89463e-26,2.53541e-08,0.000690461,0.101693
#[d_gene,2],[d_5_del,5]
%1.92063e-05,0.000668692,0.0240994,0.0081288,0.00968667,0.0201053,0.172369,0.097344,0.0733463,0.109551,0.0521264,0.0662735,0.0644921,0.013177,0.0270348,0.12795,0.0845932,4.73473e-06,0.00157148,0.0474598,0
#[d_gene,2],[d_5_del,6]
%0.000142871,0.000379011,0.0259445,0.0062994,0.00625707,0.0253596,0.1828,0.0872969,0.0843738,0.110125,0.0544849,0.0802128,0.0800918,0.00816123,0.0236534,0.197155,0.00624392,0.000575085,0.0204441,0,0
#[d_gene,2],[d_5_del,7]
%0.000363922,0.0010681,0.0419594,0.0109528,0.00739271,0.0288637,0.202162,0.069434,0.0694574,0.100061,0.0751474,0.0536365,0.056493,0.0137938,0.235443,0.0107148,0.00688481,0.0161721,0,0,0
#[d_gene,2],[d_5_del,8]
%0.000471178,0.000692512,0.0313739,0.0096983,0.0110352,0.0356818,0.219427,0.10107,0.104728,0.151611,0.0729019,0.0529631,0.0299385,0.154839,0.0158005,0.00396202,0.00380682,0,0,0,0
#[d_gene,2],[d_5_del,9]
%0.000236318,0.00195298,0.0501124,0.0128143,0.0147545,0.0390117,0.225581,0.114562,0.0857944,0.0977337,0.0339952,0.0302536,0.247049,0.0315161,0.0129746,0.00165775,0,0,0,0,0
#[d_gene,2],[d_5_del,10]
%0.000252415,0.00161169,0.0682951,0.0154115,0.0215213,0.0468774,0.295451,0.0932961,0.0735311,0.0660661,0.0359104,0.27747,0.00224994,0.000855601,0.00120064,0,0,0,0,0,0
#[d_gene,2],[d_5_del,11]
%0.000575819,0.00236772,0.0826366,0.0242117,0.0427147,0.0837491,0.336982,0.0573037,0.0669973,0.0814777,0.212644,0.00759053,0.000173668,0.000575596,0,0,0,0,0,0,0
#[d_gene,2],[d_5_del,12]
%0.00110154,0.00110528,0.0388103,0.00585592,0.0143831,0.0212154,0.0927276,0.0275281,0.111337,0.67378,0.00982926,0.00202775,0.00029901,0,0,0,0,0,0,0,0
#[d_gene,2],[d_5_del,13]
%0.000548739,0.00380153,0.0741004,0.0181164,0.170481,0.106084,0.166431,0.127619,0.32775,0.00412811,4.24446e-05,0.000898078,0,0,0,0,0,0,0,0,0
#[d_gene,2],[d_5_del,14]
%0.00054645,0.00379356,0.0223931,0.0148029,0.221164,0.134361,0.21402,0.387714,0.000593407,5.09593e-05,0.000560265,0,0,0,0,0,0,0,0,0,0
#[d_gene,2],[d_5_del,15]
%4.73785e-05,0.000413551,0.00191092,0.00546912,0.100313,0.115272,0.766412,0.00966774,5.34079e-05,0.000440634,0,0,0,0,0,0,0,0,0,0,0
#[d_gene,2],[d_5_del,16]
%0.000732366,0.00698281,0.0155582,0.0367028,0.360051,0.563261,0.00745887,0.0057992,0.00345341,0,0,0,0,0,0,0,0,0,0,0,0
#[d_gene,2],[d_5_del,17]
%0,0.0944377,0.186171,0.183024,0.494785,0.00348224,0.00523386,0.032866,0,0,0,0,0,0,0,0,0,0,0,0,0
#[d_gene,2],[d_5_del,18]
%0,0,0.000361702,7.44216e-06,0.000125195,0.0547165,0.944789,0,0,0,0,0,0,0,0,0,0,0,0,0,0
#[d_gene,2],[d_5_del,19]
%0,0,0,0.0042272,0.0235997,0.972173,0,0,0,0,0,0,0,0,0,0,0,0,0,0,0
#[d_gene,2],[d_5_del,20]
%0,0,0,0,1,0,0,0,0,0,0,0,0,0,0,0,0,0,0,0,0
@j_5_del
$Dim[15,23]
#[j_choice,0]
%0.000393997,0.000991042,0.0142187,0.0422077,0.0555798,0.178798,0.077622,0.115935,0.131843,0.116571,0.0684442,0.0604612,0.0300917,0.0189918,0.033132,0.0363881,0.00516089,0.00274046,0.00169668,0.00120807,0.00149886,0.00182875,0.00419633
#[j_choice,1]
%0.000367724,0.000655306,0.012273,0.00329168,0.0450723,0.0464497,0.0838439,0.0817371,0.215013,0.106614,0.102119,0.0872546,0.151528,0.020359,0.0103948,0.00470651,0.00442365,0.0059839,0.00383705,0.0020685,0.00549771,0.00198274,0.00452774
#[j_choice,2]
%0.00169546,0.0053243,0.0342693,0.00687782,0.280639,0.0702249,0.12235,0.0885358,0.159786,0.0749654,0.0338062,0.0350585,0.0436532,0.0161272,0.00561037,0.00492663,0.00177399,0.000676206,0.00142315,0.00128918,0.00187616,0.00245702,0.00665414
#[j_choice,3]
%0.000454097,0.0046265,0.0203151,0.0320086,0.0660171,0.0210453,0.0459172,0.0593714,0.100708,0.109584,0.0813043,0.136378,0.210771,0.00836578,0.0374639,0.0168929,0.00962623,0.00931894,0.00761854,0.00394428,0.00337893,0.000950196,0.0139398
#[j_choice,4]
%5.84556e-06,0.00135836,0.0515388,0.0564787,0.0505218,0.0692671,0.117646,0.108712,0.109072,0.126087,0.0989151,0.113896,0.0223089,0.0350108,0.00848987,0.0177347,0.00261276,0.00166139,0.00128742,0.00260071,0.00171513,0.00104913,0.0020315
#[j_choice,5]
%0,0,0,0,0,0,0.141696,7.80428e-06,0,0,0.132521,0,0.151884,0,0,0,0,0,0,0,0.252262,0,0.321629
#[j_choice,6]
%7.69914e-05,0.0132963,0.0536832,0.0138871,0.0294657,0.0236929,0.0218149,0.0404728,0.051059,0.0822522,0.0662834,0.171103,0.116817,0.0932186,0.122957,0.0273364,0.0123405,0.0163859,0.0240297,0.00630561,0.00193541,0.00148106,0.0101055
#[j_choice,7]
%4.0154e-05,0.00696639,0.0416786,0.0112625,0.0429946,0.0390858,0.0535316,0.0692085,0.125267,0.115222,0.10342,0.0949873,0.119301,0.0749764,0.0413703,0.00819201,0.0170069,0.00648372,0.00898672,0.0128162,0.00236316,0.00469219,0.00014736
#[j_choice,8]
%0.0004564,0.000556708,0.0100625,0.00377761,0.0754549,0.0749869,0.108212,0.119225,0.156716,0.128145,0.12708,0.125722,0.0266976,0.0213241,0.0068236,0.0043673,0.00208122,0.00391939,0.00111279,0.00102268,0.000562248,0.000268656,0.00142525
#[j_choice,9]
%1.21366e-05,5.52256e-05,0.0423347,0.0229027,0.0554196,0.0982063,0.233279,0.0911417,0.15138,0.0940218,0.0999147,0.0439868,0.0223989,0.0110834,0.00962064,0.00704346,0.00191267,0.00249374,0.00494831,0.00167283,0.00159589,0.001015,0.00356079
#[j_choice,10]
%1.06624e-05,0.00043885,0.0804496,0.114526,0.0760134,0.125067,0.074381,0.120324,0.0423461,0.0660656,0.070725,0.04668,0.0768368,0.0416252,0.0108839,0.0050686,0.00846183,0.00326801,0.00487128,0.00990833,0.00485169,0.00609151,0.0111051
#[j_choice,11]
%6.72608e-06,3.05293e-05,0.01875,0.00578454,0.0138967,0.0626197,0.183057,0.132706,0.133717,0.293345,0.0549498,0.0463093,0.00618189,0.0149771,0.0046478,0.0143135,0.00311544,0.00411102,0.00213358,0.0048638,8.97281e-05,6.66541e-06,0.00038731
#[j_choice,12]
%0.00119783,0.00266941,0.0374888,0.0133455,0.323823,0.126839,0.189494,0.076322,0.128714,0.0419364,0.014407,0.0105859,0.00536113,0.00686765,0.00205638,0.00278567,0.00628615,0.00265138,0.000597176,0.0010586,0.000651014,0.000268124,0.00459415
#[j_choice,13]
%0.000115596,0.00403884,0.0311166,0.00316849,0.0738864,0.0522867,0.145952,0.223756,0.137368,0.113296,0.100017,0.0638843,0.00843409,0.0156585,0.00311959,0.00505168,0.00597505,0.00184127,0.00312325,0.00325802,0.00251215,0.00105014,0.00108896
#[j_choice,14]
%1.72412e-05,0.00506341,0.0377245,0.0063096,0.0569002,0.0415917,0.127762,0.195952,0.133376,0.0806777,0.0924483,0.0705723,0.00963849,0.021411,0.00464316,0.00684448,0.00804354,0.00150347,0.00205559,0.00531941,0.00487782,0.0223548,0.064914
@vd_ins
$Dim[31]
#
%0.0505724,0.0556746,0.0965802,0.125863,0.143169,0.105327,0.0851026,0.0768526,0.0634153,0.0512424,0.0398056,0.0304418,0.0218806,0.0162529,0.0106631,0.00778332,0.00562618,0.0038518,0.00253095,0.0020534,0.00127652,0.00107749,0.000724905,0.000630657,0.000429036,0.000331223,0.00024863,0.000197253,0.000127737,7.97935e-05,0.000189143
@vd_dinucl
$Dim[16]
#
%0.281206,0.262342,0.263102,0.19335,0.149959,0.463446,0.19509,0.191505,0.234608,0.18785,0.383244,0.194298,0.224245,0.319487,0.195351,0.260917
@dj_ins
$Dim[31]
#
%0.076924,0.0557709,0.0937858,0.119206,0.134411,0.118009,0.0918933,0.0734663,0.0578124,0.0440244,0.0340522,0.0270992,0.0202318,0.0149276,0.0112053,0.00749014,0.00538648,0.00388337,0.00280908,0.00195064,0.00137533,0.000977117,0.000865901,0.000583435,0.000437297,0.000408436,0.000297692,0.000256754,0.000119781,0.000118866,0.000221333
@dj_dinucl
$Dim[16]
#
%0.275379,0.164953,0.350442,0.209226,0.218229,0.333813,0.214507,0.233451,0.228145,0.171492,0.447006,0.153357,0.212817,0.239376,0.269182,0.278625
