@v_choice
$Dim[79]
#
%0.03015063592092608,0.011923461518743569,0.002389247216063489,0.00000569364039346851,0.011643043451017687,0.00000569364039346851,0.00000569364039346851,0.014727642196002418,0.03071147205637785,0.00000569364039346851,0.0025294562499264314,0.005614054994911163,0.039404432155880256,0.001968620114474662,0.007576981468992357,0.00000569364039346851,0.005894473062637047,0.08357027782270714,0.00000569364039346851,0.001968620114474662,0.00000569364039346851,0.004211964656281739,0.00000569364039346851,0.00000569364039346851,0.056790352354885144,0.006595518231951761,0.011085111458876928,0.006174891130362932,0.0222989300246013,0.06520289438666169,0.005333636927185278,0.05903369689669221,0.01533521467607518,0.00000569364039346851,0.00014590267425641088,0.00000569364039346851,0.00000569364039346851,0.01248429765419534,0.014727642196002418,0.00000569364039346851,0.05889348786282925,0.14792622436579775,0.00032116396658508916,0.00000569364039346851,0.040105477325194996,0.00000569364039346851,0.00032116396658508916,0.00000569364039346851,0.00032116396658508916,0.00032116396658508916,0.003370710453104086,0.005473845961048221,0.06730602989460582,0.014166806060550648,0.005193427893322336,0.00000569364039346851,0.00000569364039346851,0.01533521467607518,0.018092659008713027,0.038563177952702615,0.020055585482794232,0.00000569364039346851,0.00000569364039346851,0.00000569364039346851,0.00000569364039346851,0.00000569364039346851,0.019074122245753625,0.00000569364039346851,0.00000569364039346851,0.00000569364039346851,0.00000569364039346851,0.00000569364039346851,0.00014299853094539778,0.00000569364039346851,0.00000569364039346851,0.00000569364039346851,0.00000569364039346851,0.01533521467607518,0.00000569364039346851
@j_choice
$Dim[79,9]
#[v_choice,0]
%0.00002098220123928845,0.30763638634761914,0.0558243957931749,0.00002098220123928845,0.00002098220123928845,0.4597025149436759,0.00002098220123928845,0.17673179190933358,0.00002098220123928845
#[v_choice,1]
%0.00005305730298126151,0.2823570976495211,0.00005305730298126151,0.00005305730298126151,0.00005305730298126151,0.4585715641236135,0.00005305730298126151,0.2587529944089778,0.00005305730298126151
#[v_choice,2]
%0.00026478076698471684,0.1587044648124477,0.00026478076698471684,0.00026478076698471684,0.00026478076698471684,0.1352418535147975,0.00026478076698471684,0.7044649970708464,0.00026478076698471684
#[v_choice,3]
%0.1111111111111111,0.1111111111111111,0.1111111111111111,0.1111111111111111,0.1111111111111111,0.1111111111111111,0.1111111111111111,0.1111111111111111,0.1111111111111111
#[v_choice,4]
%0.00005433516700739392,0.1533990253581935,0.024138937178981686,0.00005433516700739392,0.00005433516700739392,0.7980514244488062,0.00005433516700739392,0.024138937178981686,0.00005433516700739392
#[v_choice,5]
%0.1111111111111111,0.1111111111111111,0.1111111111111111,0.1111111111111111,0.1111111111111111,0.1111111111111111,0.1111111111111111,0.1111111111111111,0.1111111111111111
#[v_choice,6]
%0.1111111111111111,0.1111111111111111,0.1111111111111111,0.1111111111111111,0.1111111111111111,0.1111111111111111,0.1111111111111111,0.1111111111111111,0.1111111111111111
#[v_choice,7]
%0.00004295505702583584,0.27437348660895344,0.01432314654969394,0.00004295505702583584,0.00004295505702583584,0.4540021896311717,0.00004295505702583584,0.2570864019250518,0.00004295505702583584
#[v_choice,8]
%0.000020599035735703605,0.2858854072264095,0.031978143605364245,0.000020599035735703605,0.000020599035735703605,0.5222251321056693,0.000020599035735703605,0.15980832188387842,0.000020599035735703605
#[v_choice,9]
%0.1111111111111111,0.1111111111111111,0.1111111111111111,0.1111111111111111,0.1111111111111111,0.1111111111111111,0.1111111111111111,0.1111111111111111,0.1111111111111111
#[v_choice,10]
%0.00025010383571717835,0.05569149752031887,0.00025010383571717835,0.00025010383571717835,0.00025010383571717835,0.49911374652808504,0.00025010383571717835,0.4436941329372929,0.00025010383571717835
#[v_choice,11]
%0.00011268623320555853,0.2449314486839966,0.00011268623320555853,0.00011268623320555853,0.00011268623320555853,0.5544825829033344,0.00011268623320555853,0.19990985101343556,0.00011268623320555853
#[v_choice,12]
%0.000016054709477420653,0.2748361323905219,0.024923487283509186,0.000016054709477420653,0.000016054709477420653,0.5613740705852126,0.000016054709477420653,0.13878603619336924,0.000016054709477420653
#[v_choice,13]
%0.00032135540307339096,0.280564572381149,0.00032135540307339096,0.00032135540307339096,0.00032135540307339096,0.43229799654809753,0.00032135540307339096,0.2852092986523132,0.00032135540307339096
#[v_choice,14]
%0.00008349323711220867,0.38764666074774895,0.018588096216112023,0.00008349323711220867,0.00008349323711220867,0.3341998419074684,0.00008349323711220867,0.25914793494310967,0.00008349323711220867
#[v_choice,15]
%0.1111111111111111,0.1111111111111111,0.1111111111111111,0.1111111111111111,0.1111111111111111,0.1111111111111111,0.1111111111111111,0.1111111111111111,0.1111111111111111
#[v_choice,16]
%0.0001073254052843814,0.23414746809246295,0.0001073254052843814,0.0001073254052843814,0.0001073254052843814,0.45587642246145765,0.0001073254052843814,0.30933215701437317,0.0001073254052843814
#[v_choice,17]
%0.00000756999649716968,0.306272643298632,0.02349590251401622,0.00000756999649716968,0.00000756999649716968,0.46717973173552535,0.00000756999649716968,0.20301387246934038,0.00000756999649716968
#[v_choice,18]
%0.1111111111111111,0.1111111111111111,0.1111111111111111,0.1111111111111111,0.1111111111111111,0.1111111111111111,0.1111111111111111,0.1111111111111111,0.1111111111111111
#[v_choice,19]
%0.00032135540307339096,0.26463592112492196,0.00032135540307339096,0.00032135540307339096,0.00032135540307339096,0.23456069036739458,0.00032135540307339096,0.49887525608924316,0.00032135540307339096
#[v_choice,20]
%0.1111111111111111,0.1111111111111111,0.1111111111111111,0.1111111111111111,0.1111111111111111,0.1111111111111111,0.1111111111111111,0.1111111111111111,0.1111111111111111
#[v_choice,21]
%0.00015019753535725622,0.32024367623934785,0.033438471608083414,0.00015019753535725622,0.00015019753535725622,0.3791104743586159,0.00015019753535725622,0.26645639011716654,0.00015019753535725622
#[v_choice,22]
%0.1111111111111111,0.1111111111111111,0.1111111111111111,0.1111111111111111,0.1111111111111111,0.1111111111111111,0.1111111111111111,0.1111111111111111,0.1111111111111111
#[v_choice,23]
%0.1111111111111111,0.1111111111111111,0.1111111111111111,0.1111111111111111,0.1111111111111111,0.1111111111111111,0.1111111111111111,0.1111111111111111,0.1111111111111111
#[v_choice,24]
%0.00001113968630502732,0.25621909453165903,0.024700022225150813,0.00001113968630502732,0.00001113968630502732,0.5585363086228624,0.00001113968630502732,0.16048887618880273,0.00001113968630502732
#[v_choice,25]
%0.00009591766532016419,0.3126449479534655,0.00009591766532016419,0.00009591766532016419,0.00009591766532016419,0.4315848860032205,0.00009591766532016419,0.255194660051393,0.00009591766532016419
#[v_choice,26]
%0.00005706994582167997,0.22578052930582257,0.01270547987684347,0.00005706994582167997,0.00005706994582167997,0.6473358817632079,0.00005706994582167997,0.1138927593250178,0.00005706994582167997
#[v_choice,27]
%0.00010245147599034788,0.24094047566655272,0.00010245147599034788,0.00010245147599034788,0.00010245147599034788,0.4177476128483035,0.00010245147599034788,0.34069720262920183,0.00010245147599034788
#[v_choice,28]
%0.00002837027201248869,0.29307431506122633,0.0063160725836595814,0.00002837027201248869,0.00002837027201248869,0.6061238560483327,0.00002837027201248869,0.09434390494671889,0.00002837027201248869
#[v_choice,29]
%0.000009702432941608865,0.3835896708184713,0.023663550732164786,0.000009702432941608865,0.000009702432941608865,0.3690521799317859,0.000009702432941608865,0.22364608635286984,0.000009702432941608865
#[v_choice,30]
%0.00011861075641668138,0.2649327866362824,0.00011861075641668138,0.00011861075641668138,0.00011861075641668138,0.5765107533542351,0.00011861075641668138,0.15784479547098249,0.00011861075641668138
#[v_choice,31]
%0.00001071636613733465,0.35271956504282437,0.011886055471894624,0.00001071636613733465,0.00001071636613733465,0.4191989095636742,0.00001071636613733465,0.21614188809092003,0.00001071636613733465
#[v_choice,32]
%0.00004125320210693662,0.20443046171710627,0.02442244152359564,0.00004125320210693662,0.00004125320210693662,0.6703271757205155,0.00004125320210693662,0.10061365502824793,0.00004125320210693662
#[v_choice,33]
%0.1111111111111111,0.1111111111111111,0.1111111111111111,0.1111111111111111,0.1111111111111111,0.1111111111111111,0.1111111111111111,0.1111111111111111,0.1111111111111111
#[v_choice,34]
%0.00433595006815026,0.00433595006815026,0.00433595006815026,0.00433595006815026,0.00433595006815026,0.965312399454798,0.00433595006815026,0.00433595006815026,0.00433595006815026
#[v_choice,35]
%0.1111111111111111,0.1111111111111111,0.1111111111111111,0.1111111111111111,0.1111111111111111,0.1111111111111111,0.1111111111111111,0.1111111111111111,0.1111111111111111
#[v_choice,36]
%0.1111111111111111,0.1111111111111111,0.1111111111111111,0.1111111111111111,0.1111111111111111,0.1111111111111111,0.1111111111111111,0.1111111111111111,0.1111111111111111
#[v_choice,37]
%0.0000506737926240325,0.3918008208361456,0.011281504532695759,0.0000506737926240325,0.0000506737926240325,0.06876458709204343,0.0000506737926240325,0.527899718575995,0.0000506737926240325
#[v_choice,38]
%0.00004295505702583584,0.27437348660895344,0.01432314654969394,0.00004295505702583584,0.00004295505702583584,0.4540021896311717,0.00004295505702583584,0.2570864019250518,0.00004295505702583584
#[v_choice,39]
%0.1111111111111111,0.1111111111111111,0.1111111111111111,0.1111111111111111,0.1111111111111111,0.1111111111111111,0.1111111111111111,0.1111111111111111,0.1111111111111111
#[v_choice,40]
%0.00001074187882807793,0.35246807058777013,0.01667579726367054,0.00001074187882807793,0.00001074187882807793,0.5141362931816936,0.00001074187882807793,0.1166661295727253,0.00001074187882807793
#[v_choice,41]
%0.000004276636634901234,0.3138837534555436,0.021804385391342544,0.000004276636634901234,0.000004276636634901234,0.3761456334449947,0.000004276636634901234,0.28814484452494465,0.000004276636634901234
#[v_choice,42]
%0.001969793551599388,0.3290502870816558,0.001969793551599388,0.001969793551599388,0.001969793551599388,0.43887852293812507,0.001969793551599388,0.22025242867062272,0.001969793551599388
#[v_choice,43]
%0.1111111111111111,0.1111111111111111,0.1111111111111111,0.1111111111111111,0.1111111111111111,0.1111111111111111,0.1111111111111111,0.1111111111111111,0.1111111111111111
#[v_choice,44]
%0.000015774072585042203,0.2996371665976333,0.01749580962060487,0.000015774072585042203,0.000015774072585042203,0.49398799542763744,0.000015774072585042203,0.18880015799119923,0.000015774072585042203
#[v_choice,45]
%0.1111111111111111,0.1111111111111111,0.1111111111111111,0.1111111111111111,0.1111111111111111,0.1111111111111111,0.1111111111111111,0.1111111111111111,0.1111111111111111
#[v_choice,46]
%0.001969793551599388,0.3290502870816558,0.001969793551599388,0.001969793551599388,0.001969793551599388,0.43887852293812507,0.001969793551599388,0.22025242867062272,0.001969793551599388
#[v_choice,47]
%0.1111111111111111,0.1111111111111111,0.1111111111111111,0.1111111111111111,0.1111111111111111,0.1111111111111111,0.1111111111111111,0.1111111111111111,0.1111111111111111
#[v_choice,48]
%0.001969793551599388,0.3290502870816558,0.001969793551599388,0.001969793551599388,0.001969793551599388,0.43887852293812507,0.001969793551599388,0.22025242867062272,0.001969793551599388
#[v_choice,49]
%0.001969793551599388,0.3290502870816558,0.001969793551599388,0.001969793551599388,0.001969793551599388,0.43887852293812507,0.001969793551599388,0.22025242867062272,0.001969793551599388
#[v_choice,50]
%0.0001876834926010344,0.4487365760728653,0.04178396884954231,0.0001876834926010344,0.0001876834926010344,0.3419682126942211,0.0001876834926010344,0.16657282492036612,0.0001876834926010344
#[v_choice,51]
%0.00011557261839064328,0.4133824078899827,0.05134428269195393,0.00011557261839064328,0.00011557261839064328,0.5089655186709379,0.00011557261839064328,0.02572992765517229,0.00011557261839064328
#[v_choice,52]
%0.000009399257560964702,0.2841530843280105,0.020840970230101608,0.000009399257560964702,0.000009399257560964702,0.5574611814777537,0.000009399257560964702,0.13749776767632924,0.000009399257560964702
#[v_choice,53]
%0.00004465556369455943,0.2491621679533742,0.05942672090587767,0.00004465556369455943,0.00004465556369455943,0.6317611124163977,0.00004465556369455943,0.05942672090587767,0.00004465556369455943
#[v_choice,54]
%0.00012181293807868517,0.2991870952635372,0.027119209790978465,0.00012181293807868517,0.00012181293807868517,0.4029888487880144,0.00012181293807868517,0.27009578146707647,0.00012181293807868517
#[v_choice,55]
%0.1111111111111111,0.1111111111111111,0.1111111111111111,0.1111111111111111,0.1111111111111111,0.1111111111111111,0.1111111111111111,0.1111111111111111,0.1111111111111111
#[v_choice,56]
%0.1111111111111111,0.1111111111111111,0.1111111111111111,0.1111111111111111,0.1111111111111111,0.1111111111111111,0.1111111111111111,0.1111111111111111,0.1111111111111111
#[v_choice,57]
%0.00004125320210693662,0.20443046171710627,0.02442244152359564,0.00004125320210693662,0.00004125320210693662,0.6703271757205155,0.00004125320210693662,0.10061365502824793,0.00004125320210693662
#[v_choice,58]
%0.0000349659334253042,0.19439554190900624,0.007784464434194084,0.0000349659334253042,0.0000349659334253042,0.7743617025539415,0.0000349659334253042,0.02328346143573164,0.0000349659334253042
#[v_choice,59]
%0.000016404942330253512,0.31996834246347416,0.02183136542638177,0.000016404942330253512,0.000016404942330253512,0.505397139067802,0.000016404942330253512,0.15272112833069082,0.000016404942330253512
#[v_choice,60]
%0.000031543667021245684,0.14099845278627288,0.01401358712152206,0.000031543667021245684,0.000031543667021245684,0.7469243939085718,0.000031543667021245684,0.09790584784852699,0.000031543667021245684
#[v_choice,61]
%0.1111111111111111,0.1111111111111111,0.1111111111111111,0.1111111111111111,0.1111111111111111,0.1111111111111111,0.1111111111111111,0.1111111111111111,0.1111111111111111
#[v_choice,62]
%0.1111111111111111,0.1111111111111111,0.1111111111111111,0.1111111111111111,0.1111111111111111,0.1111111111111111,0.1111111111111111,0.1111111111111111,0.1111111111111111
#[v_choice,63]
%0.1111111111111111,0.1111111111111111,0.1111111111111111,0.1111111111111111,0.1111111111111111,0.1111111111111111,0.1111111111111111,0.1111111111111111,0.1111111111111111
#[v_choice,64]
%0.1111111111111111,0.1111111111111111,0.1111111111111111,0.1111111111111111,0.1111111111111111,0.1111111111111111,0.1111111111111111,0.1111111111111111,0.1111111111111111
#[v_choice,65]
%0.1111111111111111,0.1111111111111111,0.1111111111111111,0.1111111111111111,0.1111111111111111,0.1111111111111111,0.1111111111111111,0.1111111111111111,0.1111111111111111
#[v_choice,66]
%0.00003316675348068655,0.30323149370182395,0.03678689834240252,0.00003316675348068655,0.00003316675348068655,0.490715442125849,0.00003316675348068655,0.16910033206252115,0.00003316675348068655
#[v_choice,67]
%0.1111111111111111,0.1111111111111111,0.1111111111111111,0.1111111111111111,0.1111111111111111,0.1111111111111111,0.1111111111111111,0.1111111111111111,0.1111111111111111
#[v_choice,68]
%0.1111111111111111,0.1111111111111111,0.1111111111111111,0.1111111111111111,0.1111111111111111,0.1111111111111111,0.1111111111111111,0.1111111111111111,0.1111111111111111
#[v_choice,69]
%0.1111111111111111,0.1111111111111111,0.1111111111111111,0.1111111111111111,0.1111111111111111,0.1111111111111111,0.1111111111111111,0.1111111111111111,0.1111111111111111
#[v_choice,70]
%0.1111111111111111,0.1111111111111111,0.1111111111111111,0.1111111111111111,0.1111111111111111,0.1111111111111111,0.1111111111111111,0.1111111111111111,0.1111111111111111
#[v_choice,71]
%0.1111111111111111,0.1111111111111111,0.1111111111111111,0.1111111111111111,0.1111111111111111,0.1111111111111111,0.1111111111111111,0.1111111111111111,0.1111111111111111
#[v_choice,72]
%0.004424008458009619,0.004424008458009619,0.004424008458009619,0.004424008458009619,0.004424008458009619,0.964607932335923,0.004424008458009619,0.004424008458009619,0.004424008458009619
#[v_choice,73]
%0.1111111111111111,0.1111111111111111,0.1111111111111111,0.1111111111111111,0.1111111111111111,0.1111111111111111,0.1111111111111111,0.1111111111111111,0.1111111111111111
#[v_choice,74]
%0.1111111111111111,0.1111111111111111,0.1111111111111111,0.1111111111111111,0.1111111111111111,0.1111111111111111,0.1111111111111111,0.1111111111111111,0.1111111111111111
#[v_choice,75]
%0.1111111111111111,0.1111111111111111,0.1111111111111111,0.1111111111111111,0.1111111111111111,0.1111111111111111,0.1111111111111111,0.1111111111111111,0.1111111111111111
#[v_choice,76]
%0.1111111111111111,0.1111111111111111,0.1111111111111111,0.1111111111111111,0.1111111111111111,0.1111111111111111,0.1111111111111111,0.1111111111111111,0.1111111111111111
#[v_choice,77]
%0.00004125320210693662,0.20443046171710627,0.02442244152359564,0.00004125320210693662,0.00004125320210693662,0.6703271757205155,0.00004125320210693662,0.10061365502824793,0.00004125320210693662
#[v_choice,78]
%0.1111111111111111,0.1111111111111111,0.1111111111111111,0.1111111111111111,0.1111111111111111,0.1111111111111111,0.1111111111111111,0.1111111111111111,0.1111111111111111
@v_3_del
$Dim[79,21]
#[v_choice,0]
%0.000011540407938266274,0.0022328602043226653,0.044321438919299905,0.07441435757939649,0.1652701126393976,0.1421703231532338,0.03942288361970959,0.24107005695087785,0.1191616447899757,0.06810616469179809,0.03101725835325038,0.020617565511950712,0.0013708307314897626,0.016247067848084235,0.000007680850319506745,0.019417343083540317,0.0058351487682274435,0.000000015861597004672218,0.0000000000000000006615396110062378,0.000000000001381769478545475,0.009305706034208773
#[v_choice,1]
%0.00000018070391211748093,0.0028695137538134016,0.03675187740892463,0.047806596416979735,0.19824234831113624,0.2795191606527706,0.10361761235090379,0.017791369821898884,0.1822939735763687,0.0000014544096379840686,0.033075543441770036,0.01984911660599059,0.018814040047562864,0.0000000025796849583025415,0.0000000000032847859387186716,0.02179296935807859,0.013962146022275955,0.00004708718042438745,0.00000000000009316351065124581,0.000000000000000000000008486760071529329,0.02356500735448855
#[v_choice,2]
%0,0,0,0.11819685864813856,0.14133928357179198,0.242121815833015,0.13607715638857334,0.0000001812634215317176,0.2413148516009588,0.00006668622849713928,0.06200760190319023,0.000000000520966016003783,0.00015047522522956545,0.05767483635218976,0.0010502156315252054,0.000000036832502769174635,0.00000000000000008719216133247607,0.00000000000000000000012786916485197057,0.00000000000000000000000000000000019140030410522264,0.0000000000000000000000000000000000000000001806894233100606,0.00000000000000000000000000000000000000000000000003117925668612718
#[v_choice,3]
%0,0,0,0,0,0,0,0,0,0,0,0,0,0,0,0,0,0,0,0,0
#[v_choice,4]
%0.00000000000001871757172005673,0.0016833865890510994,0.03910769960497455,0.13557661126321266,0.07941116711605942,0.13478920083210758,0.005675131375396027,0.29625317828189046,0.09036588648632732,0.06274339565917048,0.013752967486604975,0.025880853080873716,0.03890717425965931,0.0014404972326704402,0.018092957938058818,0.05631988736581825,0.0000000054280939012470004,0.00000000000001240298691162776,0.0000000000000000000000003276579909931596,0.00000000000000000000000000000000006720458586512913,0.000000000000000000000000000000000000000013757640687925776
#[v_choice,5]
%0,0,0,0,0,0,0,0,0,0,0,0,0,0,0,0,0,0,0,0,0
#[v_choice,6]
%0,0,0,0,0,0,0,0,0,0,0,0,0,0,0,0,0,0,0,0,0
#[v_choice,7]
%0.00000007886978747434969,0.00000000010245926444088529,0.008578171969470357,0.07024903653366063,0.06528584467120162,0.26243364326084195,0.16520606574591645,0.06548540404169706,0.19549514143325986,0.025535084419688124,0.05850208338964036,0.03977743315087293,0.00000004474815597659706,0.000006978941712263437,0.014120956447002892,0.005213006003582064,0.0005962352756345462,0.00864745950360499,0.0035317901232492645,0.004149311642409192,0.0071862297261528945
#[v_choice,8]
%0.010459316592231089,0.02661102300450012,0.11944468763358321,0.09843126012564161,0.14121863885646058,0.07257436704486289,0.09219956496371125,0.0559516151166937,0.19313237779232179,0.05889091320349296,0.03851256483816328,0.03141706383151909,0.024573176986372278,0.00000001250938583746355,0.000000000000020834578767689037,0.000000000000000136615523507285,0.0028426925750501073,0.014720147679853815,0.004011454117363337,0.015009123084177579,0.00000000004459450264351957
#[v_choice,9]
%0,0,0,0,0,0,0,0,0,0,0,0,0,0,0,0,0,0,0,0,0
#[v_choice,10]
%0,0,0.000000000046485437710737114,0.0000000010212455807310812,0.12059057405473142,0.12592373277358238,0.28189309976078664,0.25474979255585367,0.16121267204306558,0.0000000000028680152914789777,0.0000000000000000000027180754042922516,0.055630113505109234,0.00000001423625997503409,0.000000000000012037576190239455,0.0000000000000000000004717280217281161,0.000000000000000000000000000007376732961973328,0.000000000000000000000000000000000000009085161084878547,0.000000000000000000000000000000000000000000000012230808397348529,0.000000000000000000000000000000000000000000000000006384224102032494,0.00000000000000000000000000000000000000000000000000000027691491918094987,0.00000000000000000000000000000000000000000000000000000000000019397541298294246
#[v_choice,11]
%0,0,0,0.10350288095645324,0.29481979463557645,0.007068586852194108,0.18558656110446572,0.1534632477193341,0.25551476012679497,0.000044168574247738074,0.00000000003093352289255947,0.00000000000000022565735048368956,0.000000000000000000000001189977907334349,0.0000000000000000000000000000000003412708966846707,0.0000000000000000000000000000000000000011821498469057984,0.0000000000000000000000000000000000000000000008229640348740295,0.00000000000000000000000000000000000000000000000000000002733699788594511,0.00000000000000000000000000000000000000000000000000000000000009663256163477375,0.000000000000000000000000000000000000000000000000000000000000000000000005782556868350793,0.00000000000000000000000000000000000000000000000000000000000000000000000000014907486291363567,0.0000000000000000000000000000000000000000000000000000000000000000000000000000000000009711245044268259
#[v_choice,12]
%0,0.00000000007135357656845341,0.000006788203480278756,0.05691519783628359,0.008102820055740936,0.23887787160436327,0.04282427511488035,0.1420178955937058,0.3099333688504025,0.037549378312178,0.06656104657998801,0.011977106809202578,0.01901860941964587,0.014136271889069513,0.03164449795742613,0.01687596204438537,0.0000000009317187915686409,0.000000000000008462915741041916,0.00000000000000000000000007179061521329895,0.000000000000000000000000000000000006419831928634659,0.0035589087261668623
#[v_choice,13]
%0,0,0,0,0,0,0,0,0,0.04154551512547433,0.1808822509581297,0.2797173928329971,0.1691328141689024,0.06322872866944577,0.17012788436907542,0.09536530616691118,0.00000010662559232857171,0.000000001083471792127207,0.00000000000000000020086455961522866,0.00000000000000000000000000007375721783858563,0.00000000000000000000000000000000001876160600242657
#[v_choice,14]
%0,0.00685970439676511,0.01842985587062928,0.004921346393821986,0.0004027699376797102,0.2369011470422734,0.1409866083854184,0.14061857425849977,0.14584553893194582,0.03106285122242793,0.18049713136241816,0.00000000298323231589969,0.006591483510210812,0.06835316383760941,0.0000000007724747783066629,0.00000000000012175551373337465,0.000000000000000000000008307555845667236,0.01850478654431028,0.000025034550009217486,0.00000000000015202118107067555,0.000000000000000000000006345428204937181
#[v_choice,15]
%0,0,0,0,0,0,0,0,0,0,0,0,0,0,0,0,0,0,0,0,0
#[v_choice,16]
%0,0.012624165253484636,0.061943963855002795,0.010351161971257185,0.000000007715014082664099,0.010041698542134884,0.27710742332058136,0.10702106666359629,0.17560751911609745,0.15436994844637783,0.11580007092818939,0.02749620579199389,0.0000000000049903607892141006,0.00037342240087130175,0.0056751106189576175,0.006212490432722754,0.000008123685686558939,0.03536762122359749,0.00000000002944396175298284,0.000000000000000000034673619642101213,0.00000000000000000000000002314045772220198
#[v_choice,17]
%0.000001329454490888026,0.000891140932404771,0.022428278723829204,0.045387804850795015,0.03930476393662957,0.08910904260579208,0.1386932881028987,0.0943787964577392,0.17173322185507015,0.052235747881028805,0.10246349516547724,0.036067925456922105,0.023801076113588327,0.05034948299488328,0.03982028010494328,0.03923054976202675,0.017518596358000942,0.01766818675326566,0.013778456293898253,0.00000003571621243998881,0.005138500480103434
#[v_choice,18]
%0,0,0,0,0,0,0,0,0,0,0,0,0,0,0,0,0,0,0,0,0
#[v_choice,19]
%0,0.0664475846695739,0.0000013099217041666515,0.00000018664507914777616,0.036062395257936905,0.0030406864063357362,0.6753647782944965,0.000005923403290278251,0.07292653541095238,0.0000000016444392786451762,0.14615059508289363,0.0000000032632981627127568,0.000000000000000004312530048484283,0.0000000000000000000000000006199676061862961,0.0000000000000000000000000000000019335032116138144,0.000000000000000000000000000000000000000012062644863515065,0.00000000000000000000000000000000000000000000000000014025671188635535,0.0000000000000000000000000000000000000000000000000000000006950163589473627,0.000000000000000000000000000000000000000000000000000000000000000000019856020696179457,0.000000000000000000000000000000000000000000000000000000000000000000000000000005220366556323327,0.0000000000000000000000000000000000000000000000000000000000000000000000000000000008515349163867875
#[v_choice,20]
%0,0,0,0,0,0,0,0,0,0,0,0,0,0,0,0,0,0,0,0,0
#[v_choice,21]
%0,0.00030261486789602196,0.0005682285422307379,0.16868709659441722,0.0020870506330968974,0.11555194067782751,0.21519613541594926,0.3125875386845302,0.15168606124471434,0.000000000005152394067876521,0.000000000000000000007395285186026195,0.0000000000000000000000000003203753857681354,0.0000000000000000000000000000000000000005747258918851387,0.00000000000000000000000000000000000000000000000000060173567081426596,0.00000000000000000000000000000000000000000000000000000000000033249498447212085,0,0,0,0,0,0.03333333333418539
#[v_choice,22]
%0,0,0,0,0,0,0,0,0,0,0,0,0,0,0,0,0,0,0,0,0
#[v_choice,23]
%0,0,0,0,0,0,0,0,0,0,0,0,0,0,0,0,0,0,0,0,0
#[v_choice,24]
%0.00005217446778558112,0.0012224576623477864,0.005772979517836983,0.0354951790679203,0.019300477810636662,0.2063725932603599,0.11766911868508922,0.18770128428590682,0.2569074126767098,0.0028382706037629896,0.04509285480058334,0.010355194409865062,0.021365279942467046,0.015526701972769348,0.032596898473202886,0.020736824216350803,0.00736380016419707,0.0033000458004334796,0.005190767574282505,0.0017005356148796073,0.0034391489926127207
#[v_choice,25]
%0,0,0,0,0.01618005492465361,0.03518303510368515,0.21060505858949413,0.16690942362229913,0.35630795065135273,0.11816986124401264,0.03031282205119169,0.008803316862272714,0.03172876916189154,0.025799707772801297,0.000000000016345389420875785,0.00000000000000008662813423682002,0.0000000000000000000000013728955568875199,0.0000000000000000000000000000000000010820211495087096,0.000000000000000000000000000000000000000003094271693738162,0.00000000000000000000000000000000000000000000000000014163711635848908,0.00000000000000000000000000000000000000000000000000000000008016612703007575
#[v_choice,26]
%0,0.0018698713358273032,0.00011592709210873839,0.05384673770150474,0.013276976204206226,0.31091990823131715,0.06292528033989372,0.14070786950452047,0.2592956051190295,0.027819252514147744,0.02717732928673845,0.000000026877916064783853,0.008778089717226463,0.06922907968505013,0.023740400471726063,0.00000949443997581096,0.00000000000021073423080789483,0.0000000000000000011051726626299317,0.00028815147462057066,0.000000000003980030863571206,0.00000000000000000002640409446275772
#[v_choice,27]
%0.000027721898056219597,0.0000000029181018484651617,0.0005482066066935267,0.18946646630081745,0.07158408128534242,0.0606456739599389,0.33104543411714094,0.1361446889883156,0.07755720735067273,0.10970737435371215,0.0000000007590409227920295,0.017589176712018307,0.0056475155324621175,0.00003644919807547357,0.000000000019611359242346022,0.000000000000000036260794854960984,0.0000000000000000000000000024726153228091935,0.0000000000000000000000000000000000029598260677047484,0.000000000000000000000000000000000000000000008024715697236498,0.00000000000000000000000000000000000000000000000000000007658703051557776,0.000000000000000000000000000000000000000000000000000000000000015398780546466907
#[v_choice,28]
%0.0026576874034492754,0.028992976001798364,0.011579197186580311,0.21648858181428074,0.10963841019403801,0.18856485855694533,0.002828659539987918,0.030412564343143943,0.22495026862694031,0.0921744410774597,0.013416596938829009,0.003217681189049481,0.029741966572346377,0.007582874715517896,0.0000000004476903795822966,0.0000000000016427664850373267,0.0000000000000000000041454821285458,0.011954365136055438,0.0000017885126091150392,0.014579600575227373,0.011217481166408166
#[v_choice,29]
%0.0016313919843013356,0.00040009216079586556,0.008866711379506842,0.036878818802559395,0.015429834695313924,0.1350719760144667,0.15476433222426328,0.10544027398200237,0.10773732109529338,0.11305358671491565,0.0791167842169328,0.046159728126019726,0.06934813965436071,0.04787371066297557,0.022769066061933563,0.019936687201928083,0.013212689137266875,0.004158489907393947,0.010613864903294181,0.0028197476150053137,0.004716753459470231
#[v_choice,30]
%0.012121050671706405,0.00006302982769932296,0.04579559528479813,0.028902419230630604,0.0735966591205761,0.1339967694798076,0.045693871010130165,0.5018365903346842,0.000000040981833150819853,0.000000000000005262799284804172,0.023491415979640225,0.00000003556938025606053,0.07737567153109531,0.02535020268175719,0.03177641535975652,0.00000023293649929708323,0.0000000000000005190897508973225,0.000000000000000000007623570804888886,0.00000000000000000000000000000032506839753829345,0.0000000000000000000000000000000000000000008194008680446345,0.00000000000000000000000000000000000000000000000012983782306144433
#[v_choice,31]
%0.0000021272043777473124,0.0007058452073387639,0.01665788634228058,0.04494247791937522,0.0035256087928890478,0.10692652393484744,0.1489537371027938,0.07350155574410165,0.1971483794951667,0.024996421138034196,0.16453447840844904,0.03580049947322196,0.05537670860176695,0.07040767179671532,0.014553298061731026,0.02670217825380573,0.010253043909775227,0.001180457552738652,0.003831096261903642,0.000000004798687458847473,0.00000000000000000013141262244417804
#[v_choice,32]
%0,0.0000000002597723818387832,0.030153684238801513,0.031141111769085888,0.1447800732991857,0.15970412391561348,0.10412962024307355,0.07171706449243943,0.25548851401552886,0.08780722581665767,0.0005496370287244625,0.061290330419845496,0.012734681480992122,0.0044647499636205675,0.013824318233080994,0.006604053441785679,0.003392355177121817,0.00000000000914850544038336,0.00000000000014231990666100475,0.008666712832118782,0.0035517433632609847
#[v_choice,33]
%0,0,0,0,0,0,0,0,0,0,0,0,0,0,0,0,0,0,0,0,0
#[v_choice,34]
%0,0,0,0,0.9841802229767869,0.01579399504411607,0.000025779398494704386,0.0000000025806021809085787,0.00000000000000028613553709493237,0.00000000000000000000000007418819808812513,0.00000000000000000000000000000000004109634563122918,0.0000000000000000000000000000000000000000000040950734489838955,0.0000000000000000000000000000000000000000000000000005516229958353193,0.0000000000000000000000000000000000000000000000000000000000000004143874350083963,0,0,0,0,0,0,0
#[v_choice,35]
%0,0,0,0,0,0,0,0,0,0,0,0,0,0,0,0,0,0,0,0,0
#[v_choice,36]
%0,0,0,0,0,0,0,0,0,0,0,0,0,0,0,0,0,0,0,0,0
#[v_choice,37]
%0,0.00012807251236212665,0.05080312860454085,0.007645770957733401,0.160938290888786,0.24917852891951744,0.12175812557556394,0.13448266922477783,0.07763109767095618,0.03502131960468862,0.09023634380831075,0.026868724567135523,0.000000022683318821111923,0.022835791058099235,0.000000014488581352308583,0.00000000000024521603828845436,0.0000000000000000000000017856439336194255,0.00000000000000000000000000000000024675040468299276,0,0.007813964098500726,0.014658135336882254
#[v_choice,38]
%0.00000007886978747434969,0.00000000010245926444088529,0.008578171969470357,0.07024903653366063,0.06528584467120162,0.26243364326084195,0.16520606574591645,0.06548540404169706,0.19549514143325986,0.025535084419688124,0.05850208338964036,0.03977743315087293,0.00000004474815597659706,0.000006978941712263437,0.014120956447002892,0.005213006003582064,0.0005962352756345462,0.00864745950360499,0.0035317901232492645,0.004149311642409192,0.0071862297261528945
#[v_choice,39]
%0,0,0,0,0,0,0,0,0,0,0,0,0,0,0,0,0,0,0,0,0
#[v_choice,40]
%0,0.0005860602689464955,0.01314883757137965,0.013228147486696422,0.10809811101065382,0.13246973859294844,0.07463515748006759,0.16592806680972216,0.11444172572322511,0.18346099048578363,0.020751864543997568,0.055421171966800485,0.021688752770473475,0.024881123660248118,0.014976117568971688,0.035716887931394936,0.010310704788367146,0.00004735929240598764,0.00006694882724956999,0.004073510823143303,0.006068722397524503
#[v_choice,41]
%0.00018684088787239515,0.000252550185008145,0.03421871803212621,0.05699879351500199,0.04213631090348356,0.09667377456271709,0.1426974778023498,0.08112399069538345,0.22250990628460088,0.03902072393799072,0.14292915519564428,0.01823485023564094,0.03153249191584588,0.04728548009525778,0.004179489004345942,0.016649628223185452,0.007937319280397169,0.0000058989719957984,0.007953095651725663,0.0031974923767498693,0.004276012242677054
#[v_choice,42]
%0,0,0.000027226017319084965,0.08269541699833652,0.09704407788328102,0.000041247608464009456,0.0011332582909728372,0.5721632204731145,0.00009784213412177539,0.24679768829960885,0.000000022294771179652477,0.000000000000010179676576926707,0.0000000000000000002316984785886849,0.000000000000000000000000000002434940172427732,0.00000000000000000000000000000000000000002657556020520199,0.000000000000000000000000000000000000000000000015192078638673624,0.00000000000000000000000000000000000000000000000000000000000016372515690742766,0.0000000000000000000000000000000000000000000000000000000000000000000002759095607860837,0.000000000000000000000000000000000000000000000000000000000000000000000000000000002740364224706104,0.00000000000000000000000000000000000000000000000000000000000000000000000000000000000000000013280827364826188,0.0000000000000000000000000000000000000000000000000000000000000000000000000000000000000000000005151851258341971
#[v_choice,43]
%0,0,0,0,0,0,0,0,0,0,0,0,0,0,0,0,0,0,0,0,0
#[v_choice,44]
%0,0.0000000007900060604092611,0.006647432411620824,0.059044340077199706,0.036533559275709435,0.18819321865760685,0.1580224956009396,0.06417385173580197,0.2824846823587683,0.05690958364375415,0.03927842931024123,0.019790796449378034,0.03450491047543714,0.006565312660982682,0.009387829993655642,0.01930517777448528,0.00854029301283348,0.000000032871699128018784,0.007059419225872164,0.0000000000010435766019274626,0.0035586336729649666
#[v_choice,45]
%0,0,0,0,0,0,0,0,0,0,0,0,0,0,0,0,0,0,0,0,0
#[v_choice,46]
%0,0,0.000027226017319084965,0.08269541699833652,0.09704407788328102,0.000041247608464009456,0.0011332582909728372,0.5721632204731145,0.00009784213412177539,0.24679768829960885,0.000000022294771179652477,0.000000000000010179676576926707,0.0000000000000000002316984785884498,0.000000000000000000000000000002260147739148879,0,0,0,0,0,0,0
#[v_choice,47]
%0,0,0,0,0,0,0,0,0,0,0,0,0,0,0,0,0,0,0,0,0
#[v_choice,48]
%0,0,0.000027226017319084965,0.08269541699833652,0.09704407788328102,0.000041247608464009456,0.0011332582909728372,0.5721632204731145,0.00009784213412177539,0.24679768829960885,0.000000022294771179652477,0.000000000000010179676576926707,0.0000000000000000002316984785884498,0.000000000000000000000000000002260147739148879,0,0,0,0,0,0,0
#[v_choice,49]
%0,0,0.000027226017319084965,0.08269541699833652,0.09704407788328102,0.000041247608464009456,0.0011332582909728372,0.5721632204731145,0.00009784213412177539,0.24679768829960885,0.000000022294771179652477,0.000000000000010179676576926707,0.0000000000000000002316984785884498,0.000000000000000000000000000002260147739148879,0,0,0,0,0,0,0
#[v_choice,50]
%0,0.0018995018963646614,0.06925409359815465,0.14733384616492068,0.13698832313331755,0.005681055079642272,0.06960858692312749,0.12959003743120293,0.05573497781770405,0.1140489799010485,0.26650630078283777,0.003354297141644037,0.00000000013003168418596507,0.000000000000003556253033504126,0.0000000000000000000000018497475312975768,0.000000000000000000000000000002711082492661229,0.000000000000000000000000000000000000020821798162179083,0.000000000000000000000000000000000000000000000000234156872669618,0.00000000000000000000000000000000000000000000000000000022064612092713885,0.000000000000000000000000000000000000000000000000000000000000000017651868478424414,0.00000000000000000000000000000000000000000000000000000000000000000000029621115602292156
#[v_choice,51]
%0,0,0.04091754558382753,0.007053164073782124,0.38691125438665663,0.0018917122863533389,0.06550691762384254,0.3269615367061212,0.08747272423663602,0.00020756932338984182,0.03096301445108595,0.014711293769926923,0.03740326655166165,0.0000000010067161582601197,0.0000000000000001081032621583393,0.0000000000000000000010629316805282404,0.0000000000000000000000000000004362908836033876,0.0000000000000000000000000000000000001279444676329605,0.000000000000000000000000000000000000000000000000017411441881802915,0.0000000000000000000000000000000000000000000000000000000918970839021355,0.0000000000000000000000000000000000000000000000000000000000000000016349402548723825
#[v_choice,52]
%0.002089966876971814,0.000023388828193695756,0.015616997837269466,0.01228319446411445,0.004327572299999497,0.18526216516656618,0.16483928851815624,0.12149558338869783,0.10471909259382917,0.10886202542639054,0.07693191633800532,0.06793553119272608,0.07012870132162369,0.00368765527049075,0.02271903619922262,0.01299099841352031,0.0035249384070738183,0.009800062492457913,0.0032485770639281795,0.00389203063116142,0.005621277269601338
#[v_choice,53]
%0,0.00029994981871018665,0.030709289066000914,0.06589262812043759,0.004280527551365291,0.25418352380105075,0.008177352112582898,0.18647201156309548,0.11180615661331454,0.19524748920926838,0.03434185261861619,0.00017590612347428823,0.03468966664699953,0.007015399912725519,0.025327053386404515,0.01008236429507196,0.013685385335958785,0.0006672374851906612,0.0005145176664647207,0.00018678061823015608,0.016244908055037695
#[v_choice,54]
%0,0,0,0.0000000000002338269499462725,0.00005666774554726474,0.04062361424240553,0.47984609336762857,0.050051005927443604,0.24527584081596304,0.08971130666980821,0.09443546606183596,0.0000000051690781633284984,0.00000000000005582529284371228,0.0000000000000000000000003398224817381978,0.00000000000000000000000000000000002631592255866497,0.00000000000000000000000000000000000000003418443292773758,0.00000000000000000000000000000000000000000000000000004027043947184051,0.0000000000000000000000000000000000000000000000000000000000000022081214346148352,0.0000000000000000000000000000000000000000000000000000000000000000000000009908550580480273,0.00000000000000000000000000000000000000000000000000000000000000000000000000000000023017388396470753,0.00000000000000000000000000000000000000000000000000000000000000000000000000000000000002599232386623855
#[v_choice,55]
%0,0,0,0,0,0,0,0,0,0,0,0,0,0,0,0,0,0,0,0,0
#[v_choice,56]
%0,0,0,0,0,0,0,0,0,0,0,0,0,0,0,0,0,0,0,0,0
#[v_choice,57]
%0,0.0000000002597723818387832,0.030153684238801513,0.031141111769085888,0.1447800732991857,0.15970412391561348,0.10412962024307355,0.07171706449243943,0.25548851401552886,0.08780722581665767,0.0005496370287244625,0.061290330419845496,0.012734681480992122,0.0044647499636205675,0.013824318233080994,0.006604053441785679,0.003392355177121817,0.00000000000914850544038336,0.00000000000014231990666100475,0.008666712832118782,0.0035517433632609847
#[v_choice,58]
%0,0.004894868548664129,0.0008471187858199872,0.05683645161094894,0.015919620475217333,0.1882020243760505,0.15106825595500878,0.15943274197415463,0.1422072448950984,0.19846832587157648,0.0141161252515852,0.039679068257410466,0.01845261497391143,0.009815731295343957,0.00005980772899014581,0.0000000000002196395741687644,0.000000000000000000000024983682415616453,0.00000000000000000000000000003004126585934446,0.0000000000000000000000000000000002530756297115894,0.000000000000000000000000000000000000000000000018199092092352137,0.0000000000000000000000000000000000000000000000000000000000040502005875330925
#[v_choice,59]
%0,0.003230285035095878,0.0001967198302752392,0.06687730701090401,0.013772534290527518,0.18006957132546764,0.12449483013539728,0.08971414388267158,0.35182530806485873,0.006661107332701297,0.04943503162012366,0.024577433656439385,0.013558860293474594,0.016454720739016965,0.02040467161291532,0.012319407359833555,0.005380701327779446,0.00616655672450158,0.0038286349994100894,0.000000000000182023071950997,0.011032174758424055
#[v_choice,60]
%0,0,0.013766159783396379,0.015708845433253626,0.10392597921561561,0.15319112967852697,0.0009935534340448121,0.18962744447664898,0.05138315379101682,0.21213534516767196,0.049618413582374586,0.03213854652510164,0.055104628906346056,0.02693291645809798,0.052861285513571256,0.006379645496504242,0.014006568973091979,0.008145755870767026,0.00000006411922354893897,0.00000000000004122029784586941,0.014080563574705175
#[v_choice,61]
%0,0,0,0,0,0,0,0,0,0,0,0,0,0,0,0,0,0,0,0,0
#[v_choice,62]
%0,0,0,0,0,0,0,0,0,0,0,0,0,0,0,0,0,0,0,0,0
#[v_choice,63]
%0,0,0,0,0,0,0,0,0,0,0,0,0,0,0,0,0,0,0,0,0
#[v_choice,64]
%0,0,0,0,0,0,0,0,0,0,0,0,0,0,0,0,0,0,0,0,0
#[v_choice,65]
%0,0,0,0,0,0,0,0,0,0,0,0,0,0,0,0,0,0,0,0,0
#[v_choice,66]
%0.00002163648661330278,0.036761198347306595,0.013527758260333873,0.18927898012265498,0.02738927284391506,0.22694553213752733,0.0602792086999492,0.044530829398822615,0.20574500011093902,0.07933078042537324,0.018202586185525848,0.006081215242627551,0.0320781275784852,0.008278782867142297,0.000017762721092224408,0.0033028916910420236,0.005553174140437256,0.04267526245622961,0.0000000002839827614279182,0.0000000000000001352586606606648,0.0000000000000000000051799124297321984
#[v_choice,67]
%0,0,0,0,0,0,0,0,0,0,0,0,0,0,0,0,0,0,0,0,0
#[v_choice,68]
%0,0,0,0,0,0,0,0,0,0,0,0,0,0,0,0,0,0,0,0,0
#[v_choice,69]
%0,0,0,0,0,0,0,0,0,0,0,0,0,0,0,0,0,0,0,0,0
#[v_choice,70]
%0,0,0,0,0,0,0,0,0,0,0,0,0,0,0,0,0,0,0,0,0
#[v_choice,71]
%0,0,0,0,0,0,0,0,0,0,0,0,0,0,0,0,0,0,0,0,0
#[v_choice,72]
%0,0,0,0,0,0,0,0,0,0,0,0,0,0,0,0,0.0000000000522150250475347,0.0000000000000006338193302455498,0.9999999861025013,0.000000013845282953155154,0.000000000000000091941887237553
#[v_choice,73]
%0,0,0,0,0,0,0,0,0,0,0,0,0,0,0,0,0,0,0,0,0
#[v_choice,74]
%0,0,0,0,0,0,0,0,0,0,0,0,0,0,0,0,0,0,0,0,0
#[v_choice,75]
%0,0,0,0,0,0,0,0,0,0,0,0,0,0,0,0,0,0,0,0,0
#[v_choice,76]
%0,0,0,0,0,0,0,0,0,0,0,0,0,0,0,0,0,0,0,0,0
#[v_choice,77]
%0,0.0000000002597723818387832,0.030153684238801513,0.031141111769085888,0.1447800732991857,0.15970412391561348,0.10412962024307355,0.07171706449243943,0.25548851401552886,0.08780722581665767,0.0005496370287244625,0.061290330419845496,0.012734681480992122,0.0044647499636205675,0.013824318233080994,0.006604053441785679,0.003392355177121817,0.00000000000914850544038336,0.00000000000014231990666100475,0.008666712832118782,0.0035517433632609847
#[v_choice,78]
%0,0,0,0,0,0,0,0,0,0,0,0,0,0,0,0,0,0,0,0,0
@j_5_del
$Dim[9,23]
#[j_choice,0]
%0,0,0,0,0,0,0,0,0,0,0,0,0,0,0,0,0,0,0,0,0,0,0
#[j_choice,1]
%0.00000000000000000000003197575292676577,0.0000014749415695312554,0.0026940197344765817,0.13102613208314845,0.09305794834066654,0.18952609773495185,0.0011830883395939225,0.2812250966449661,0.12012785602142555,0.05040888234868228,0.04925035701381702,0.030570557132694624,0.042112352166440166,0.0019455218212369348,0.002711549688144509,0.0003357536858561124,0.0014545655257010605,0.0001719864410414275,0.0010858005276058425,0.00018501361798027458,0.0007666897385616677,0.00015925616576766225,0.00000000028567204110924754
#[j_choice,2]
%0.000000000015503239316622508,0.00001277598020448363,0.05003369664016319,0.021416380766111652,0.18135814484281182,0.14519572930529145,0.041121657860109184,0.058273147395305785,0.03853610613307639,0.000000043143203308370755,0.000000000000000031101896415401193,0.0000000000000000000000004347579194577316,0,0,0,0,0,0.46405231588906054,0.000000002029077986206413,0.00000000000008081012279157685,0.000000000000000000003104412789888049,0.000000000000000000000000010710761609513988,0.0000000000000000000000000000004374201528840498
#[j_choice,3]
%0,0,0,0,0,0,0,0,0,0,0,0,0,0,0,0,0,0,0,0,0,0,0
#[j_choice,4]
%0,0,0,0,0,0,0,0,0,0,0,0,0,0,0,0,0,0,0,0,0,0,0
#[j_choice,5]
%0.0008444101440912583,0.0012481047200014468,0.03404050810913356,0.05988858113223435,0.19981555183533062,0.0737467101798278,0.20846347546604205,0.13401371191339392,0.19651458496061444,0.01878715003831863,0.03858218209972549,0.013865194410112415,0.01331396363704258,0.0009046588586503754,0.0021384074077987272,0.0004015779134600974,0.0002564189850181627,0.000033536312031490895,0.0005691754940423115,0.000007618756956943362,0.00015088770404466536,0.002413583157729182,0.0000000067643993630282544
#[j_choice,6]
%0,0,0,0,0,0,0,0,0,0,0,0,0,0,0,0,0,0,0,0,0,0,0
#[j_choice,7]
%0.0018022062994726264,0.0015920543007789448,0.006394003062742126,0.011518122911678447,0.25300978595888585,0.06026567972266815,0.06936306821929338,0.0519131244014508,0.4418977642601022,0.022919499018375908,0.03256873396703272,0.011910567437609414,0.012329468827639863,0.004603658889246667,0.0007083182667246102,0.004784091975364399,0.002006671014018429,0.0006934688411457622,0.0005507900556245394,0.003100783574644999,0.006068126943241451,0.000000012051938574832727,0.00000000000032022652945153376
#[j_choice,8]
%0,0,0,0,0,0,0,0,0,0,0,0,0,0,0,0,0,0,0,0,0,0,0
@vj_ins
$Dim[41]
#
%0.06378577935392041,0.10497177497241261,0.25556683892708915,0.2335635991132787,0.14382685054929661,0.07158324600947427,0.053867261498700934,0.026765683062131857,0.010820706600071932,0.007316023398823315,0.006273592155266595,0.005189198927178787,0.004893605663670527,0.0018148991335319266,0.002857052793025156,0.0022319728190276617,0.0007849890837706621,0.0015281598491162136,0.0007059979458602378,0.0004303509085376781,0.0005798892272315589,0.0004955780976161754,0.0000000000839648407200793,0.0001469498137651983,0.00000000001323693278247671,0.00000000000000003902704103026611,0.0000000000000000000000022240338266948098,0.0000000000000000000000000000006162340213788243,0.00000000000000000000000000000000000000792410022701821,0.00000000000000000000000000000000000000000000007550270315888312,0.0000000000000000000000000000000000000000000000000000001816444434855356,0.0000000000000000000000000000000000000000000000000000000000016658410638123542,0.000000000000000000000000000000000000000000000000000000000000000011388673383458524,0.000000000000000000000000000000000000000000000000000000000000000000000000006209593781551968,0.00000000000000000000000000000000000000000000000000000000000000000000000000000000019055107337808486,0.00000000000000000000000000000000000000000000000000000000000000000000000000000000000000000021531393242827026,0.000000000000000000000000000000000000000000000000000000000000000000000000000000000000000000000000000000284906743901133,0,0,0,0
@vj_dinucl
$Dim[16]
#
%0.29157339038281976,0.16546673812538817,0.4034465742893709,0.13951329720242112,0.10644473148644128,0.46785723574278393,0.1841056378766057,0.241592394894169,0.22564111626888642,0.16059421596927262,0.476534036437283,0.13723063132455796,0.14655896471121754,0.3558126888647766,0.1872280213487054,0.3104003250753004
