@v_choice
$Dim[64]
#
%0.01151120892101619,0.000005466836607187487,0.000005466836607187487,0.000005466836607187487,0.019678865338960856,0.03359939279911002,0.0011418364251907932,0.006433057322033206,0.001567975020909645,0.03438064689126125,0.014103552044972545,0.008173123254551853,0.0593097547408141,0.0033435525030715285,0.000005466836607187487,0.017761241658226023,0.000005466836607187487,0.000005466836607187487,0.07046038132879073,0.014103552044972545,0.01016177003457316,0.00270434460949325,0.010587908630292011,0.08132691551962147,0.016198733473923567,0.007604938460260049,0.008173123254551853,0.0000054668366071909545,0.000005466836607187487,0.04673866616710797,0.0388551021463092,0.009167446644562505,0.07386949009454154,0.017761241658226023,0.03615622437342314,0.013783948098183401,0.005048106885946936,0.000005466836607187487,0.000005466836607187487,0.000005466836607187487,0.0060424302759575915,0.000005466836607187487,0.00007648993589366281,0.000005466836607187487,0.03146869982051577,0.01229246301316742,0.008173123254551853,0.000005466836607187487,0.012363486112453897,0.02983516853692683,0.000005466836607187487,0.000005466836607187487,0.12742090695654396,0.003911737297363331,0.0002185361344666135,0.029124937544062077,0.004124806595222757,0.006433057322033206,0.000005466836607187487,0.00867028494955718,0.04027556413203871,0.0024202522123473492,0.0033435525030715285,0.000005466836607187487
@j_choice
$Dim[64,7]
#[v_choice,0]
%0.0006436837687466237,0.3567708274679905,0.055597016319286,0.14197572743756856,0.0006436837687466237,0.29622342586307304,0.14814563537458872
#[v_choice,1]
%0.14285714285714285,0.14285714285714285,0.14285714285714285,0.14285714285714285,0.14285714285714285,0.14285714285714285,0.14285714285714285
#[v_choice,2]
%0.14285714285714285,0.14285714285714285,0.14285714285714285,0.14285714285714285,0.14285714285714285,0.14285714285714285,0.14285714285714285
#[v_choice,3]
%0.14285714285714285,0.14285714285714285,0.14285714285714285,0.14285714285714285,0.14285714285714285,0.14285714285714285,0.14285714285714285
#[v_choice,4]
%0.013455177349081335,0.15727307921196262,0.2093677996320545,0.10109463744033784,0.013455177349081335,0.3284682780429428,0.17688585097453952
#[v_choice,5]
%0.032952201891895315,0.24489700228694625,0.035958199356514925,0.37628336694184733,0.032952201891895315,0.16701509619061813,0.10994193144028286
#[v_choice,6]
%0.000683965444559316,0.06288473056256459,0.3116877910345859,0.18728626079857516,0.000683965444559316,0.12508549568056987,0.3116877910345859
#[v_choice,7]
%0.004791353552104222,0.11222516478306979,0.2595692415441717,0.05532306884187118,0.004791353552104222,0.2816499088633394,0.2816499088633394
#[v_choice,8]
%0.0004980797830035362,0.045794145306593315,0.0910902108301831,0.045794145306593315,0.0004980797830035362,0.4534587350189014,0.36286660397172177
#[v_choice,9]
%0.019138663974418692,0.21175106653791553,0.11777258434937853,0.15289096626024862,0.019138663974418692,0.2623776863353141,0.21693036856830583
#[v_choice,10]
%0.01136040826315348,0.26196973709147026,0.05293159601111068,0.3223485343618229,0.01136040826315348,0.17630944628386677,0.16371986972542224
#[v_choice,11]
%0.007509214707914208,0.20541074098263076,0.15651259915874927,0.15940921110151424,0.007509214707914208,0.23472112161340355,0.2289278977278736
#[v_choice,12]
%0.009258699444457346,0.27371073848268485,0.0718628318810712,0.2407095425639211,0.009258699444457346,0.24909200337796325,0.14610748480544491
#[v_choice,13]
%0.00023357690882742316,0.03209628845047237,0.15954713461705214,0.021475384603257378,0.00023357690882742316,0.4038279231029966,0.38258611540856663
#[v_choice,14]
%0.14285714285714285,0.14285714285714285,0.14285714285714285,0.14285714285714285,0.14285714285714285,0.14285714285714285,0.14285714285714285
#[v_choice,15]
%0.0052308267557628,0.16161731811135216,0.15999472349958502,0.08401811598475813,0.0052308267557628,0.31194793852923874,0.2719602503635404
#[v_choice,16]
%0.14285714285714285,0.14285714285714285,0.14285714285714285,0.14285714285714285,0.14285714285714285,0.14285714285714285,0.14285714285714285
#[v_choice,17]
%0.14285714285714285,0.14285714285714285,0.14285714285714285,0.14285714285714285,0.14285714285714285,0.14285714285714285,0.14285714285714285
#[v_choice,18]
%0.03497797727767218,0.23348117439569374,0.09173783748862889,0.20664827603531657,0.03497797727767218,0.1965684130049054,0.201608344520111
#[v_choice,19]
%0.01136040826315348,0.26196973709147026,0.05293159601111068,0.3223485343618229,0.01136040826315348,0.17630944628386677,0.16371986972542224
#[v_choice,20]
%0.021107288838982958,0.23758578109417125,0.09792628285064543,0.279646649988035,0.021107288838982958,0.13287250730014338,0.20975420108903903
#[v_choice,21]
%0.012200847675811142,0.028989846554908542,0.23665211452336735,0.07907656212411024,0.012200847675811142,0.42049025898916714,0.21038952245682446
#[v_choice,22]
%0.00009926844844413802,0.1475975169715713,0.21472797255926804,0.04702936992097597,0.00009926844844413802,0.3623027428809651,0.22814386077033139
#[v_choice,23]
%0.019607975308367952,0.17826548882184182,0.12751194861166962,0.04280148606958582,0.019607975308367952,0.30828582228395157,0.3039193035962152
#[v_choice,24]
%0.006428883544538492,0.21966455931508638,0.05704651347402675,0.34642250453241824,0.006428883544538492,0.21488796314224026,0.1491206924471513
#[v_choice,25]
%0.007759841689059342,0.2742997568938382,0.08415437857659712,0.27093590128742445,0.007759841689059342,0.26159682515188304,0.09349345471213849
#[v_choice,26]
%0.007509214707914208,0.20541074098263076,0.15651259915874927,0.15940921110151424,0.007509214707914208,0.23472112161340355,0.2289278977278736
#[v_choice,27]
%0.14285714285705223,0.14285714285705223,0.14285714285705223,0.14285714285705223,0.14285714285705223,0.14285714285768666,0.14285714285705223
#[v_choice,28]
%0.14285714285714285,0.14285714285714285,0.14285714285714285,0.14285714285714285,0.14285714285714285,0.14285714285714285,0.14285714285714285
#[v_choice,29]
%0.02000775252005466,0.23963717379231145,0.1155047194356924,0.21731651772664673,0.02000775252005466,0.20364030601592154,0.1838857779893184
#[v_choice,30]
%0.01744050210162615,0.20280582010209985,0.0786196426526903,0.22485135043518387,0.01744050210162615,0.20657238696237218,0.2522697956444015
#[v_choice,31]
%0.003672926215785007,0.17884528442793168,0.12404223436808916,0.2712412243118621,0.003672926215785007,0.23250464801086926,0.18602075644967778
#[v_choice,32]
%0.014365650093750775,0.14532599849387426,0.17884349041849948,0.09134996600405607,0.014365650093750775,0.3346011932222339,0.2211480516738348
#[v_choice,33]
%0.011242008740049624,0.1975801799416165,0.12000703533388664,0.3079491697126689,0.011242008740049624,0.17598979876586432,0.17598979876586432
#[v_choice,34]
%0.012359489126748436,0.23070995541593808,0.07073782164188779,0.2180632832683816,0.012359489126748436,0.22984932019850104,0.2259206412217946
#[v_choice,35]
%0.02844024957473346,0.24213997446456811,0.06704039080821368,0.24738120878867625,0.02844024957473346,0.2319234243903509,0.15463450239872412
#[v_choice,36]
%0.021024852033666414,0.2820072643216359,0.04236246960477762,0.295609046200738,0.021024852033666414,0.2815397919454069,0.05643172386010875
#[v_choice,37]
%0.14285714285714285,0.14285714285714285,0.14285714285714285,0.14285714285714285,0.14285714285714285,0.14285714285714285,0.14285714285714285
#[v_choice,38]
%0.14285714285714285,0.14285714285714285,0.14285714285714285,0.14285714285714285,0.14285714285714285,0.14285714285714285,0.14285714285714285
#[v_choice,39]
%0.14285714285714285,0.14285714285714285,0.14285714285714285,0.14285714285714285,0.14285714285714285,0.14285714285714285,0.14285714285714285
#[v_choice,40]
%0.00045421710730918685,0.16403617821240946,0.17644017676088813,0.10591580556302302,0.00045421710730918685,0.2939807954239968,0.25871860982506417
#[v_choice,41]
%0.14285714285714285,0.14285714285714285,0.14285714285714285,0.14285714285714285,0.14285714285714285,0.14285714285714285,0.14285714285714285
#[v_choice,42]
%0.010210188426072749,0.9387388694437143,0.010210188426035076,0.010210188426035076,0.010210188426072749,0.010210188426035076,0.010210188426035076
#[v_choice,43]
%0.14285714285714285,0.14285714285714285,0.14285714285714285,0.14285714285714285,0.14285714285714285,0.14285714285714285,0.14285714285714285
#[v_choice,44]
%0.002442167225744577,0.13286371396401925,0.22797618095155847,0.024851203680793858,0.002442167225744577,0.36113588827350424,0.2482886786786349
#[v_choice,45]
%0.0111594573156308,0.2263160575479565,0.17339681664848133,0.13295238378968172,0.0111594573156308,0.2600634584887662,0.18495236889385264
#[v_choice,46]
%0.007509214707914208,0.20541074098263076,0.15651259915874927,0.15940921110151424,0.007509214707914208,0.23472112161340355,0.2289278977278736
#[v_choice,47]
%0.14285714285714285,0.14285714285714285,0.14285714285714285,0.14285714285714285,0.14285714285714285,0.14285714285714285,0.14285714285714285
#[v_choice,48]
%0.008638894996465168,0.20120595142847977,0.10346570151651438,0.22984657581769738,0.008638894996465168,0.31601535375032214,0.1321886274940559
#[v_choice,49]
%0.012987324891902264,0.25738529620079725,0.05239753075387365,0.3713866892232966,0.012987324891902264,0.18094540058483513,0.11191043345339285
#[v_choice,50]
%0.14285714285714285,0.14285714285714285,0.14285714285714285,0.14285714285714285,0.14285714285714285,0.14285714285714285,0.14285714285714285
#[v_choice,51]
%0.14285714285714285,0.14285714285714285,0.14285714285714285,0.14285714285714285,0.14285714285714285,0.14285714285714285,0.14285714285714285
#[v_choice,52]
%0.023776097423614608,0.20663588918244485,0.11092667657346998,0.20456814377945326,0.023776097423614608,0.20958465095120235,0.22073244466620043
#[v_choice,53]
%0.0001996495671363337,0.12729450722550578,0.2725457731207851,0.01835605780404625,0.0001996495671363337,0.36332781430533473,0.21807654841005533
#[v_choice,54]
%0.003573672885153706,0.003573672885153706,0.9785579626890776,0.003573672885153706,0.003573672885153706,0.003573672885153706,0.003573672885153706
#[v_choice,55]
%0.00157004274025489,0.060343089672249516,0.12439371019379412,0.23656777278998836,0.00157004274025489,0.2560763054154134,0.3194790364480449
#[v_choice,56]
%0.03568822473462873,0.25634359878297786,0.18959314837091537,0.05184492159348063,0.03568822473462873,0.3101228468011707,0.12071903498219798
#[v_choice,57]
%0.004791353552104222,0.11222516478306979,0.2595692415441717,0.05532306884187118,0.004791353552104222,0.2816499088633394,0.2816499088633394
#[v_choice,58]
%0.14285714285714285,0.14285714285714285,0.14285714285714285,0.14285714285714285,0.14285714285714285,0.14285714285714285,0.14285714285714285
#[v_choice,59]
%0.004250236386604247,0.1801754730671865,0.16392113646279455,0.09019715884301352,0.004250236386604247,0.42605083466646054,0.1311549241873363
#[v_choice,60]
%0.03564846379072102,0.21972703607593885,0.09524455884843397,0.2521897431734373,0.03564846379072102,0.19752344301529,0.16401829130545784
#[v_choice,61]
%0.008578208765109856,0.1598836130531162,0.11770400305833356,0.08835867329305609,0.008578208765109856,0.26443065188472104,0.3524666411805533
#[v_choice,62]
%0.00023357690882742316,0.03209628845047237,0.15954713461705214,0.021475384603257378,0.00023357690882742316,0.4038279231029966,0.38258611540856663
#[v_choice,63]
%0.14285714285714285,0.14285714285714285,0.14285714285714285,0.14285714285714285,0.14285714285714285,0.14285714285714285,0.14285714285714285
@v_3_del
$Dim[64,21]
#[v_choice,0]
%0,0.000000000005478389766212508,0.02339438645237733,0.06534122564175125,0.05046089384392804,0.12731959458065747,0.0815622135352627,0.2888971999365687,0.17091451452850545,0.02382095466348026,0.06376120570688473,0.040391835279408546,0.013847173736562973,0.0000003040090595599693,0.012849501973493023,0.0000006260160664946206,0.005569869547592626,0.01311996737605494,0.00000000042296855992389683,0.010936999745373006,0.007811532998526033
#[v_choice,1]
%0,0,0,0,0,0,0,0,0,0,0,0,0,0,0,0,0,0,0,0,0
#[v_choice,2]
%0,0,0,0,0,0,0,0,0,0,0,0,0,0,0,0,0,0,0,0,0
#[v_choice,3]
%0,0,0,0,0,0,0,0,0,0,0,0,0,0,0,0,0,0,0,0,0
#[v_choice,4]
%0.00012861263175511766,0.003166875372735015,0.00005490206219015483,0.057812008537280676,0.04313407854006536,0.172900785605859,0.03459765858520675,0.3259580247490835,0.18376233712066842,0.040319026020908866,0.06489921327630625,0.030014505683604982,0.013828391579593535,0.0006734261130182658,0.007073173814666503,0.000000000006892767570473918,0.000000000000000006578029357386531,0.0020210949878703977,0.011737312018660776,0.00397922750553877,0.0039393457880948545
#[v_choice,5]
%0,0.006717678251812049,0.0058844029493206485,0.04013399919526187,0.009706739119316408,0.08860912083004896,0.011526715689646486,0.1363069426875647,0.13605779868117238,0.13134167627045967,0.16180866947706413,0.06178266884250054,0.06314177944140477,0.03648105941559735,0.008239266185998717,0.005563671743103969,0.011456942928520194,0.024535033790430427,0.011156587773709838,0.032262236929069904,0.01728700979799712
#[v_choice,6]
%0,0,0.05929753055755615,0.000009360135194186983,0.042870218785009996,0.0302551559926551,0.11325409979277039,0.4809647998036608,0.01381978533069666,0.13291993110349962,0.0000000928359678820056,0.0638459483669571,0.00000023024891429787096,0.000000000000000024692835559282122,0.06276284704068812,0.000000000006429777736909802,0.00000000000000000001740930140896742,0.00000000000000000000000000005258282961337425,0.00000000000000000000000000000000000025006516928089872,0.0000000000000000000000000000000000000000000001429078737154911,0.0000000000000000000000000000000000000000000000000000000015277210652147926
#[v_choice,7]
%0,0.00000000001732332223558103,0.014908086888545896,0.0015800349766308547,0.007162332621515959,0.2480132503500917,0.04714291613741328,0.3108427623391944,0.0655098770301147,0.14956692873877916,0.033571886084043254,0.009666818929316522,0.03838023262103126,0.018208253160985798,0.00000007820618511006698,0.005410618185648678,0.002385963639138994,0.0069192508398612015,0.008605415724454994,0.0124418053340386,0.019683488175686246
#[v_choice,8]
%0,0.0411092861216494,0.000009837051606741793,0.000019360941158021774,0.000010378867427826692,0.30378031971191527,0.07608469020818732,0.2508731349496486,0.08598259203803937,0.08129425800727838,0.05184226945847863,0.06257216883679881,0.0000031309892232201673,0.000000000014375750796156458,0.04641852460559154,0.000000048198621132891345,0.00000000000000000041383925588754123,0.000000000000000000000000000017530750279920297,0.000000000000000000000000000000000000010361855456480238,0.000000000000000000000000000000000000000000000002257009712230658,0.000000000000000000000000000000000000000000000000000000015801783244151687
#[v_choice,9]
%0.00003748337942144911,0.000041834090873284896,0.003498252439204788,0.03439395097173251,0.02180851393152123,0.16876516944201103,0.0898523048953447,0.18790213403288591,0.14925853768986874,0.03624662328137543,0.17977109279391054,0.04342343749710804,0.0332511137899112,0.0000000030738694302264535,0.003896336177516328,0.005904995701838268,0.0000000013902550677061064,0.01735764403606257,0.006359489396284719,0.006313332880960333,0.01191774910804453
#[v_choice,10]
%0.0000000027841404404487547,0.00005775117727850795,0.013667223298819817,0.05184771774152895,0.01860109914043662,0.24323603769863575,0.07028409636947822,0.28908463420607694,0.21650316223450633,0.0065112192975841235,0.021175043747553017,0.0033273659095374958,0.0000000010526175481480372,0.006868961763006118,0.010176044689566134,0.008065793147458776,0.0018887043384996107,0.007226600128037277,0.002421946663011669,0.008963959005657487,0.020092635606569122
#[v_choice,11]
%0.0000003277526060019273,0.0000002826678534707644,0.000030095305110889478,0.06482996616891544,0.0014905766974110072,0.2435812756396706,0.10098948562428142,0.19889806877625504,0.19969224067501878,0.06084377149032843,0.037864455682853425,0.011528319542782831,0.012024159252010416,0.012750512162741267,0.010014183306752944,0.0066373798738470265,0.006068415501306597,0.0036156115383714793,0.013962958802934095,0.008375859269592577,0.006802054269356248
#[v_choice,12]
%0.00000012673690803816478,0.0018612696105671936,0.006877247595358193,0.1353920564256528,0.04792956648682393,0.12387832695773766,0.10726683198226479,0.18195015250845947,0.141843294487445,0.0046814941953086725,0.0885139343135242,0.03293940719797339,0.05233536017452833,0.006352135406678235,0.031947044661101154,0.0009242969211738826,0.006058380229521334,0.0008802450989532647,0.004642768122625151,0.00271211399337399,0.02101394689402136
#[v_choice,13]
%0.0053654374293797226,0.000025440256961830554,0.000007066120333500079,0.037426604373737404,0.0035239584717645465,0.2692017404948817,0.03585378568709716,0.3411516707202567,0.11825262977962515,0.0796013351079477,0.003781379724665314,0.05258628536303413,0.000004057527833890949,0.00000000000002865236916822673,0.000000000000000000016125968757643705,0.020200783565477345,0.011368773373546897,0.00000000004167101832807219,0.02164905147639979,0.0000000004853572762594056,0.00000000000000018145282668250495
#[v_choice,14]
%0,0,0,0,0,0,0,0,0,0,0,0,0,0,0,0,0,0,0,0,0
#[v_choice,15]
%0,0.000007036703495800121,0.019068245215988006,0.03716673627828483,0.012025533893394749,0.26494581615640034,0.04659333552763324,0.27349531998723864,0.1559417444863333,0.0736185780722333,0.017641554460199927,0.010336626428276484,0.03655632167708788,0.003460073160392098,0.0051048684191031795,0.00000000000014319232974509965,0.0030388985120450517,0.004105605695066773,0.00857119745685096,0.018952043295742807,0.009370464574089573
#[v_choice,16]
%0,0,0,0,0,0,0,0,0,0,0,0,0,0,0,0,0,0,0,0,0
#[v_choice,17]
%0,0,0,0,0,0,0,0,0,0,0,0,0,0,0,0,0,0,0,0,0
#[v_choice,18]
%0.008939066925926291,0.00645941235930418,0.002480470301818314,0.033405197651159055,0.0042067552786171775,0.185680689125738,0.06888490046394125,0.18254916277531608,0.23991454842758725,0.09266355347382897,0.07386566636082587,0.02078394858596589,0.019097283474308436,0.008817820728536808,0.01637613417142524,0.005895625024721662,0.007364956959769381,0.003950827549906794,0.004615424085539246,0.0049347145609776495,0.009113841714786557
#[v_choice,19]
%0.0000000027841404404487547,0.00005775117727850795,0.013667223298819817,0.05184771774152895,0.01860109914043662,0.24323603769863575,0.07028409636947822,0.28908463420607694,0.21650316223450633,0.0065112192975841235,0.021175043747553017,0.0033273659095374958,0.0000000010526175481480372,0.006868961763006118,0.010176044689566134,0.008065793147458776,0.0018887043384996107,0.007226600128037277,0.002421946663011669,0.008963959005657487,0.020092635606569122
#[v_choice,20]
%0,0.0000008010551319636582,0.0001423045473300269,0.035758183157493406,0.00910986356269649,0.21482043075568605,0.022683734036109376,0.2555493820779422,0.17261327810611762,0.1413341078192783,0.07419810770959862,0.019829067191804044,0.017315448956486137,0.014026320456925031,0.008628661765658421,0.0000000000020699643763656856,0.0000000000000000001909553684663636,0.00000000000000000000000000001292323855422248,0.01399030879573592,0.0000000000039361062549976444,0.000000000000000000010512718058373718
#[v_choice,21]
%0,0,0.021470201983414563,0.02598550290894238,0.039620210013012754,0.31280161607436796,0.0008346384506038453,0.17788946922270896,0.2371358667094696,0.033492403220930285,0.04096402296347274,0.021498035675869755,0.035639416284539864,0.00000000006131318746950265,0.0000000000000000006991606691528117,0.02634320026105849,0.000000034148565358981894,0.0000000000003285940561575996,0.0000000000000000000004637949693773528,0.000000000000000000000000000032724517746767994,0.02632538202140168
#[v_choice,22]
%0,0.00015624602409263988,0.021697195883054736,0.03307286166061512,0.0016447409916866057,0.23489298789855845,0.03684680548696968,0.21154356792278278,0.25127251672765055,0.049286495992075026,0.05284126439809944,0.010146247332281293,0.04693769000919579,0.011058428022526809,0.018442060032418932,0.0000000000002629906416342578,0.0000000000000000000168107719334876,0.01343957303352838,0.0000000000003505058375444083,0.000000000000000000027827434967687773,0.006721318583850452
#[v_choice,23]
%0.002007716741525955,0.0008717786016355256,0.014356082920280752,0.07436569123103436,0.024182703815449146,0.19869862426227186,0.05739938867699439,0.2430187811588248,0.15780255485089092,0.06682675727319452,0.024891767760008954,0.07456663484857169,0.010761336310086207,0.017784017140017958,0.0031635218460372744,0.0036361855507204615,0.005100650709910924,0.005266616040402623,0.0003069239821458902,0.014024708349946785,0.0009675579300488764
#[v_choice,24]
%0,0.0000001231670885669582,0.001955636642530676,0.028837545686260166,0.05300186975902518,0.08523847078104618,0.04812192724221593,0.17183715866662466,0.21853536544584265,0.09803394456707328,0.061775747006829876,0.05236696737685225,0.08266701777715793,0.020187861592260572,0.011757092070484063,0.013012367195648881,0.01049487113230314,0.012682019446704074,0.015073170291825725,0.0000000032154455105854893,0.014420840936780718
#[v_choice,25]
%0,0.00015335292430604988,0.003453086820343155,0.06679356678019198,0.04472418055356906,0.09505481945522117,0.008672256313704281,0.22758076472275715,0.3084851982596577,0.026225721551210952,0.0013388810353645096,0.045617915652493075,0.07306723178906506,0.05209084400464833,0.0000000040867965102371104,0.0000000000000000004833198986408606,0.008615416284218538,0.008170756484120481,0.000000931728013902417,0.029955071407793063,0.00000000014652510549506183
#[v_choice,26]
%0.0000003277526060019273,0.0000002826678534707644,0.000030095305110889478,0.06482996616891544,0.0014905766974110072,0.2435812756396706,0.10098948562428142,0.19889806877625504,0.19969224067501878,0.06084377149032843,0.037864455682853425,0.011528319542782831,0.012024159252010416,0.012750512162741267,0.010014183306752944,0.0066373798738470265,0.006068415501306597,0.0036156115383714793,0.013962958802934095,0.008375859269592577,0.006802054269356248
#[v_choice,27]
%0,0,0,0,0.9998251419498869,0.00017485788542826778,0.0000000001646848051839315,0,0,0,0,0,0,0,0,0,0,0,0,0,0
#[v_choice,28]
%0,0,0,0,0,0,0,0,0,0,0,0,0,0,0,0,0,0,0,0,0
#[v_choice,29]
%0.000000004912518739463622,0.0000058609169292097855,0.0003969075227745757,0.04359148482448397,0.029175913814543368,0.15973712363690715,0.029720075145169306,0.20270472425436495,0.15543696968489598,0.04787110559941711,0.10746402798286844,0.07120512666776085,0.07658141767527146,0.0001704624197969384,0.021541387272282848,0.002959035858101132,0.006611126521019525,0.0054830961160789535,0.009810624577298581,0.0056412636038353624,0.023892260993681712
#[v_choice,30]
%0.001441555965131299,0.00003958344834359915,0.0004835356649373557,0.05570772177798811,0.013939752072896416,0.20829835020267554,0.03516918658185744,0.25171052177744274,0.1540963454955091,0.054268567019011525,0.12301261772804711,0.002193496344247433,0.020438055869676192,0.010369601696296308,0.012960993858345538,0.006870296022930172,0.006181837942890123,0.012438384556339492,0.0011943303569195837,0.01677064887290022,0.012414616745614771
#[v_choice,31]
%0,0.00000000003303805280205737,0.00021738717490032075,0.014601011931913294,0.03419737771370296,0.24255383527782845,0.01351280376491424,0.20987957525984674,0.25210954800372876,0.08279933336557357,0.03673432374333268,0.026454044498006514,0.03658212811341123,0.0000000007328170595932794,0.01827811284817243,0.008662579162684935,0.00000000004495910965184036,0.00661600237404149,0.009004097688400737,0.0000000000004139388962212748,0.007797838268313525
#[v_choice,32]
%0.000041548794166226877,0.0037927779705206333,0.024981285701594216,0.1300914433269186,0.0647204326414665,0.11993824066867882,0.08299455702058037,0.11020908983802333,0.1450108126189186,0.010797052673784184,0.12254045773523668,0.059418557024187205,0.04063927669071742,0.01020735812376742,0.01665305654347615,0.011507235246613678,0.004731099618404061,0.008527823742879258,0.010681639712330035,0.011641133045690694,0.010875121262046027
#[v_choice,33]
%0.000005143771852190907,0.005465444335561146,0.0030507335723113584,0.04334776711880445,0.0023942254587895214,0.29095886126909765,0.05501618022238258,0.14728333046742956,0.20340304108750545,0.11791225299185043,0.03354452258894588,0.0034821393335235044,0.024199640238577368,0.01044637041397775,0.014035928291518944,0.016080055700710298,0.007663711656029995,0.009698788066565154,0.000000000005337593694248535,0.000000000000000000004659032532440721,0.01201186340922937
#[v_choice,34]
%0.0028340967651976842,0.0005963885682160214,0.0029091272708162822,0.04151501649334104,0.012095298931959153,0.2153236745448159,0.06573716329809415,0.20854331721022099,0.19537630096456726,0.05544314465827643,0.10331750917908397,0.010276146918026325,0.02071213788614978,0.007622929617678454,0.009461842658876882,0.0017113626281512941,0.009147764334610611,0.002331951285203892,0.011535733639264986,0.014825841538660423,0.00868325160878846
#[v_choice,35]
%0.0023936063665559826,0.0033950941119800663,0.03652486905796543,0.041715556783126016,0.10878487500252677,0.0714437036468744,0.028455609300446775,0.2862356828949544,0.08594708551687827,0.04755118468241861,0.05778084480824305,0.13043273246834994,0.030130746415956085,0.03205313322268406,0.01134724521890466,0.00000001645335232389927,0.0004001735696096168,0.009290251278126707,0.004141053810698003,0.011976535390044707,0.0000000000003043014202622967
#[v_choice,36]
%0,0.0000000000001566931054576573,0.017223217836814755,0.05053681627398837,0.2105384649130387,0.10430219323225405,0.02647148661466367,0.18730428792553214,0.06569832867636118,0.07273880625045458,0.13686806055817413,0.08429671088539203,0.014557992881139924,0.0000012110713807501613,0.01537735579052956,0.0000000017486386114574032,0.00000000000000000009882579570802391,0.0000000000000000000000000014397079681933446,0.0002776685664271376,0.013807385605262927,0.000000011169790854768751
#[v_choice,37]
%0,0,0,0,0,0,0,0,0,0,0,0,0,0,0,0,0,0,0,0,0
#[v_choice,38]
%0,0,0,0,0,0,0,0,0,0,0,0,0,0,0,0,0,0,0,0,0
#[v_choice,39]
%0,0,0,0,0,0,0,0,0,0,0,0,0,0,0,0,0,0,0,0,0
#[v_choice,40]
%0.011266020233847469,0.000001895791171405901,0.0006936656596389735,0.005245605167501089,0.011610514732810955,0.25611369958832453,0.06074436272879581,0.18322597584696643,0.35288487558444426,0.058778575015181654,0.030756923308956866,0.0000053025565575122115,0.000000002971244518631485,0.000000000014608047552634907,0.014761232434089933,0.01391134836363499,0.0000000000022257313777703026,0.000000000000000000000689236508674756,0.00000000000000000000000000014275173384403859,0.00000000000000000000000000000000000002875042243670758,0.000000000000000000000000000000000000000000000003754101667363717
#[v_choice,41]
%0,0,0,0,0,0,0,0,0,0,0,0,0,0,0,0,0,0,0,0,0
#[v_choice,42]
%0,0,0,0,0,0,0,0,0,0,0,0,0.9999998788959251,0.00000012110407328097337,0.000000000000001499375180325155,0.00000000000000000000000015791273458569612,0.000000000000000000000000000000000002585695185577618,0.0000000000000000000000000000000000000000004369517310842245,0.00000000000000000000000000000000000000000000000000000000000000000000000000000000000000004740060405354042,0.00000000000000000000000000000000000000000000000000000000000000000000000000000000000000000000000000000000011107534392195667,0
#[v_choice,43]
%0,0,0,0,0,0,0,0,0,0,0,0,0,0,0,0,0,0,0,0,0
#[v_choice,44]
%0.00000000000036346739966450185,0.0059073828844735015,0.0036723434676998227,0.05226065823833584,0.04920488681798476,0.03352178808008381,0.18499850755036684,0.06734557539815482,0.26200736561643884,0.005058064568603763,0.18283372681853563,0.0510162820678509,0.04943414060271628,0.0036853625531802275,0.014545194630710577,0.005432049156222256,0.0000000014434153828375104,0.009262911028209152,0.010509162387700883,0.0016047103248421793,0.0076998863641110395
#[v_choice,45]
%0,0.00000000000000003471606933551955,0.0028649783607462916,0.04166161708999062,0.009984043279624122,0.21284568035058443,0.04256534436542144,0.2891721323657878,0.1724715882483507,0.047108768928430876,0.07584603778931809,0.06939736760476214,0.005769996950077619,0.0063738104934936484,0.006595823700708179,0.0000000009044689903921667,0.0000000000000000001309777659968193,0.00000000000000000000000000007541075324172047,0.011423756021976674,0.000000000001401636341874832,0.005919053544856718
#[v_choice,46]
%0.0000003277526060019273,0.0000002826678534707644,0.000030095305110889478,0.06482996616891544,0.0014905766974110072,0.2435812756396706,0.10098948562428142,0.19889806877625504,0.19969224067501878,0.06084377149032843,0.037864455682853425,0.011528319542782831,0.012024159252010416,0.012750512162741267,0.010014183306752944,0.0066373798738470265,0.006068415501306597,0.0036156115383714793,0.013962958802934095,0.008375859269592577,0.006802054269356248
#[v_choice,47]
%0,0,0,0,0,0,0,0,0,0,0,0,0,0,0,0,0,0,0,0,0
#[v_choice,48]
%0,0.0013738560022253676,0.004214437819049904,0.10213535253908128,0.04335337177878081,0.1646777481368571,0.18088693807910936,0.2001019546406505,0.13721221261950972,0.001322085570588382,0.037162244280392866,0.07368286274914068,0.002170221922715375,0.009845534838278588,0.018867355222780675,0.0000014277341653543328,0.000000000000008578792512358326,0.00000000000000000006283088847413767,0.0008997998296698228,0.007578787746512422,0.01451380849048339
#[v_choice,49]
%0.002788989912384915,0.0001756250587187068,0.0012701628053421034,0.03600322556459411,0.006996500739123906,0.11989135550001337,0.045447533977021344,0.15332614594705896,0.11278335343441687,0.12634212282012747,0.14948074416466112,0.05216340775295088,0.0611837838177099,0.016578922461546592,0.01612654903323614,0.014116858661297872,0.00041914140484020654,0.012118511785529364,0.01957447558382335,0.030501062770947603,0.02271152680465528
#[v_choice,50]
%0,0,0,0,0,0,0,0,0,0,0,0,0,0,0,0,0,0,0,0,0
#[v_choice,51]
%0,0,0,0,0,0,0,0,0,0,0,0,0,0,0,0,0,0,0,0,0
#[v_choice,52]
%0.0001258123382327842,0.0011729460888665034,0.00776503813215638,0.059618117195332616,0.022958620713460887,0.1382356041678363,0.08922669672399426,0.17780865147676275,0.18735341569040315,0.0773746439832214,0.10680744407410979,0.011829644103310461,0.04876416559946028,0.006059269441338531,0.010170528272778303,0.011066377936009638,0.00547522646502289,0.007002208876366566,0.003294273742101383,0.011317098154031606,0.016574216825203564
#[v_choice,53]
%0,0,0,0,0,0,0,0,0,0,0,0,0,0,0.9433886236677824,0.019888334119916713,0.000000000052569931605241235,0.016536107463143004,0.020186902136394055,0.000000032560171766077323,0.000000000000022019791443305605
#[v_choice,54]
%0,0,0,0.17028262576492814,0.0036649977421532084,0.04635137304116919,0.18728543113114882,0.578696312265018,0.013717002661865629,0.0000022573925482520993,0.0000000000011688352176228486,0.00000000000000000006733135587432232,0.000000000000000000000000000004328336692564368,0.0000000000000000000000000000000000008591513203989067,0.000000000000000000000000000000000000000000000025588512768126057,0.0000000000000000000000000000000000000000000000000000022148948572400853,0.000000000000000000000000000000000000000000000000000000000000000010521056912392991,0.0000000000000000000000000000000000000000000000000000000000000000000000007569647173445042,0.00000000000000000000000000000000000000000000000000000000000000000000000000000000042052227859295833,0.000000000000000000000000000000000000000000000000000000000000000000000000000000000000000010629268304947522,0.0000000000000000000000000000000000000000000000000000000000000000000000000000000000000000000000000033867389894795027
#[v_choice,55]
%0.00011632427075711335,0.000049283680194284315,0.00149425912036319,0.04245644844011511,0.012003914723240004,0.18999754589796927,0.08069397619916768,0.23807805542337945,0.2690140263118439,0.08458765943368401,0.04711268204202446,0.0008136633682912272,0.006477407106492329,0.0026861481383819636,0.00000000008868110160951035,0.002465389015566118,0.00000000004854137753439108,0.000000000000000001112678120610445,0.00000000000000000000000000014404089406150088,0.005857016816405139,0.016096199874902146
#[v_choice,56]
%0.024753281630265876,0.016371994347293667,0.005181400843765915,0.0617476740269475,0.21344823923460185,0.00002061948988033865,0.0012198121930127122,0.23414729767393394,0.126337697944409,0.04229542679671233,0.061291464597026536,0.07538748947553185,0.08461725101953375,0.00001812940949007455,0.01867882735016569,0.0000000019425924252089975,0.000000000000000000005735532099087379,0.0000000000000000000000000006117906483754678,0,0.01564959530957751,0.018833796715259022
#[v_choice,57]
%0,0.00000000001732332223558103,0.014908086888545896,0.0015800349766308547,0.007162332621515959,0.2480132503500917,0.04714291613741328,0.3108427623391944,0.0655098770301147,0.14956692873877916,0.033571886084043254,0.009666818929316522,0.03838023262103126,0.018208253160985798,0.00000007820618511006698,0.005410618185648678,0.002385963639138994,0.0069192508398612015,0.008605415724454994,0.0124418053340386,0.019683488175686246
#[v_choice,58]
%0,0,0,0,0,0,0,0,0,0,0,0,0,0,0,0,0,0,0,0,0
#[v_choice,59]
%0,0.00013907909221430432,0.011770223584244939,0.038575486369726554,0.0006962097660950056,0.17351788351294825,0.14853733951374276,0.1734725278142522,0.20268531420585184,0.05668229661681423,0.1687019134585445,0.0000037478227873296967,0.008824072015708834,0.000000000004212043025541762,0.0000000000000000003645480785105249,0.000000000000000000000000000031490483954647893,0,0.008190944385350712,0.0000000000030750836461839145,0.0000000000000000000001187226544653162,0.008202961834431519
#[v_choice,60]
%0.003445853674777884,0.00004577217110483362,0.0113109720361049,0.17281322805172153,0.12268752606374297,0.1335431242710694,0.06638616330645249,0.23308699846449943,0.10891681771842618,0.024270807688219934,0.058312425192460694,0.007639381386421367,0.005587117934015999,0.0030603488772376636,0.006991147356997855,0.0014901340303666482,0.011288434464994297,0.003985161861538096,0.003079592559840084,0.008116874020370493,0.013942118869636935
#[v_choice,61]
%0,0,0.0005117368852829213,0.2030754420605746,0.045493026743213275,0.14350595820884968,0.16463003805121046,0.2784233450580224,0.1020772138929113,0.03287105652305295,0.00000041781541789537096,0.00000000000000005399267757283012,0.0000000000000000000000008482697855080181,0.00000000000000000000000000000007518917488768858,0.000000000000000000000000000000000000007603780863439848,0,0,0,0,0.02941176475757918,0.00000000000388513453157655
#[v_choice,62]
%0.0053654374293797226,0.000025440256961830554,0.000007066120333500079,0.037426604373737404,0.0035239584717645465,0.2692017404948817,0.03585378568709716,0.3411516707202567,0.11825262977962515,0.0796013351079477,0.003781379724665314,0.05258628536303413,0.000004057527833890949,0.00000000000002865236916822673,0.00000000000000000001612596875749271,0.020200783565477345,0.011368773373546897,0.00000000004167101832807219,0.02164905147639979,0.0000000004853572762594056,0.00000000000000018145282668250478
#[v_choice,63]
%0,0,0,0,0,0,0,0,0,0,0,0,0,0,0,0,0,0,0,0,0
@j_5_del
$Dim[7,23]
#[j_choice,0]
%0,0,0,0,0,0,0,0,0.00021393208133743384,0.000028616706169965055,0.0001659361449260013,0.26176119326010394,0.4745266038976675,0.15500987557549245,0.005233365105541345,0.06161196192478523,0.01321705018047771,0.0105413573866763,0.002038785205172053,0.007229064782351901,0.002747379395806504,0.005674858094757704,0.00000002025873400540131
#[j_choice,1]
%0.00000000000000033536733155083186,0.000000137988470459792,0.011099050249637452,0.07149002985471313,0.026777866901522764,0.23076278718496615,0.06545007358462811,0.1288526437219775,0.12554169635469495,0.21816373406949208,0.04970421910722124,0.02712658222895875,0.02528779182957979,0.013563796124615479,0.001951838644104843,0.0022940780056927425,0.000770190396441759,0.00003699769293841876,0.0009725392385046679,0.00006959808582683992,0.00006416093788672053,0.00002018771316981345,0.00000000008495589003195637
#[j_choice,2]
%0.0002223492353742984,0.00000005679471392739951,0.021989804418567262,0.04231872640459,0.1315753880960813,0.15236320554588,0.09293572548902554,0.19176571880555546,0.07339890669879967,0.0570448543205457,0.1430658866312088,0.03525923237458772,0.03571701375818204,0.010620739363648778,0.009111185089390078,0.00000016457264488052667,0.0007859515327312664,0.000000000504468038252511,0.000000000000006693393183491609,0.00000000000000000000000013936670431879512,0.0009127889067313806,0.0009123014411883242,0.00000000001607874685701098
#[j_choice,3]
%0.0006448119153026356,0.00039503434438037805,0.05757070994876865,0.046266164034122294,0.13138745200897817,0.09067654674848982,0.1623044236626069,0.13618767131540452,0.17348341016425964,0.09171938594129429,0.0701083535966561,0.009846053400854503,0.01978633966939132,0.003821620026833744,0.000056975193787334354,0.0002940022087978597,0.0019740220075841566,0.0000000003404958216864318,0.0011694386994523063,0.00019151575422875127,0.0016212969481782709,0.0004947713350392308,0.0000000007350934762806971
#[j_choice,4]
%0,0,0,0,0,0,0,0,0.00021393208133743384,0.000028616706169965055,0.0001659361449260013,0.26176119326010394,0.4745266038976675,0.15500987557549245,0.005233365105541345,0.06161196192478523,0.01321705018047771,0.0105413573866763,0.002038785205172053,0.007229064782351901,0.002747379395806504,0.005674858094757704,0.00000002025873400540131
#[j_choice,5]
%0.005563801104885198,0.000611518260231341,0.024518153508891,0.030779626810527552,0.1554438998688501,0.1864737611544993,0.07789846483326905,0.11104629722752483,0.08769296035760314,0.07392641673296386,0.13762466995618797,0.052526422643176245,0.025251429500524752,0.014993624534256504,0.011618463881799285,0.001202098386989122,0.0007546610235406375,0.00034099983528712395,0.00000000003588764445230437,0.0000000000000005502217980547956,0.0017326795111885802,0.000000050830652732311416,0.0000000000012633582182495363
#[j_choice,6]
%0.0005385155383710812,0.000642091717788436,0.030576062731040608,0.06409148561570668,0.17147593074575215,0.12609912375859025,0.10215950475205712,0.07879980789501384,0.11909339391571995,0.07590522656922305,0.1165142390461989,0.05704823712471229,0.02350706995645656,0.012447081581411189,0.015053387801860912,0.00039377979413212814,0.004061474366588495,0.0012522329473589223,0.0000000017468646554786988,0.000000000000012982389844197569,0.0000000000000000000006235423008705416,0.00034135109540868,0.0000000012997311600569855
@vj_ins
$Dim[41]
#
%0.05041875315505261,0.08817975576210854,0.23867400964587177,0.23930454077992583,0.14674428101108739,0.07536528641184524,0.053451647460364175,0.03172078157948107,0.02892422530046272,0.013485321293363717,0.009269639135819881,0.005160932896056093,0.005553530264531739,0.002396453108123984,0.0026433848039518156,0.0021346352827846028,0.0011842258086800107,0.0011634736301220508,0.0007810648976919597,0.0008943469262073599,0.0004997894046885094,0.0004726929616191838,0.00007179632879617544,0.00028102016538495805,0.0005190222597939988,0.0000779815254240086,0.00010799675386063153,0.00007797401554088266,0.000000013766715063735062,0.00012921993970948248,0.0000000091437778385341,0.00011592139628087327,0.00007977326073162886,0.00003465846765296077,0.000000009425720617022857,0.00008182903595589483,0.0000000029796787858688983,0.000000000015135879642159792,0.00000000000000009538879364465612,0.00000000000000000003299230743910422,0.0000000000000000000000014305382483705934
@vj_dinucl
$Dim[16]
#
%0.24262673455892153,0.2911708640987537,0.3217460781070161,0.14445632323530874,0.10685252890778726,0.4618863174953134,0.1923136761324727,0.2389474774644267,0.19846710249175264,0.13895834234999022,0.5234638009355183,0.13911075422273894,0.14327409047089124,0.38472846298932634,0.16471638443616726,0.30728106210361505
