@v_choice
$Dim[89]
#
%0,0.00604851,0,0,0.0124427,0.0127726,0,0.00320493,0.019968,0,0,0.0116414,0,0,0.0637058,0,0,0.00529441,0.0152705,0.0285301,0.0167944,0,0,0.000581286,0,0.0166216,0.0143122,0.0195281,0,0.102401,0,0.010526,0.0208792,0,0.0459059,0.0112015,0.0213819,0,0.00886068,0,0,0,0.0437692,0,0,0.0351442,0.0216333,0.023707,0,0.039606,0,0,0.0108873,0,1.57104e-05,0,0,0.00303211,0.0139037,0.0077274,0.00762169,0.0231886,0.0317822,0.00868787,0,0,0.00125683,0.00169673,0,0.0640671,0,1.57104e-05,0,0.0354899,0,0,0,0.0186483,0.0225759,0.0070968,0.00572291,0.0117357,0,0.0513888,0,0,0,0,0.0417269
@j_choice
$Dim[15]
#
%0.0930059,0.0658424,0.0204531,0.0386525,0.0822401,0.0280473,3.57445e-07,0.156977,0.0614053,0.0878861,0.0358209,0.102272,0.0391661,0.177754,0.0104764
@d_gene
$Dim[15,3]
#[j_choice,0]
%0.788273,0.153696,0.058031
#[j_choice,1]
%0.830211,0.116682,0.0531067
#[j_choice,2]
%0.777722,0.108349,0.113929
#[j_choice,3]
%0.805338,0.135226,0.0594363
#[j_choice,4]
%0.818165,0.128533,0.0533017
#[j_choice,5]
%0.825453,0.101407,0.0731406
#[j_choice,6]
%0,0.000757439,0.999243
#[j_choice,7]
%0.21893,0.335448,0.445622
#[j_choice,8]
%0.383186,0.288303,0.32851
#[j_choice,9]
%0.248708,0.376221,0.37507
#[j_choice,10]
%0.524837,0.218823,0.25634
#[j_choice,11]
%0.404681,0.315612,0.279707
#[j_choice,12]
%0.497425,0.374891,0.127684
#[j_choice,13]
%0.46081,0.155291,0.383899
#[j_choice,14]
%0.468299,0.494085,0.037616
@v_3_del
$Dim[89,21]
#[v_choice,0]
%0,0,0,0,0,0,0,0,0,0,0,0,0,0,0,0,0,0,0,0,0
#[v_choice,1]
%0.00985393,0,0.00402384,0.0497898,0.0019559,0.032096,0.0623756,0.0701165,0.0915143,0.0512615,0.187138,0.141866,0.111386,0.0579797,0.069011,0.0570055,8.06671e-07,0,0.00262652,1.6676e-15,1.32818e-27
#[v_choice,2]
%0,0,0,0,0,0,0,0,0,0,0,0,0,0,0,0,0,0,0,0,0
#[v_choice,3]
%0,0,0,0,0,0,0,0,0,0,0,0,0,0,0,0,0,0,0,0,0
#[v_choice,4]
%0.00278942,0.000398671,0.0106625,0.0211228,0.0262869,0.0269054,0.0598097,0.0807848,0.092918,0.0520792,0.152371,0.20635,0.115004,0.0480185,0.0584512,0.0335252,0.00976595,0.0012593,0.00149777,1.48223e-13,2.7259e-25
#[v_choice,5]
%0.000621199,0.00480163,0.0101988,0.0285075,0.0389146,0.0115269,0.0397994,0.100533,0.119658,0.0553677,0.141938,0.128422,0.0912402,0.0181676,0.0998615,0.0961847,0.00611025,0.0030086,0.00513969,5.3315e-12,3.67889e-20
#[v_choice,6]
%0,0,0,0,0,0,0,0,0,0,0,0,0,0,0,0,0,0,0,0,0
#[v_choice,7]
%0.00451733,3.29665e-08,4.67839e-05,0.0248908,0.000458448,0.0844807,0.11475,0.16416,0.093014,0.252569,0.12996,0.0303152,0.0346928,0.00722868,0.0180625,0.030494,0.00715598,0.00320208,4.61277e-14,1.8344e-27,1.41695e-36
#[v_choice,8]
%0.000320009,0.000158728,0.0125487,0.0194738,0.016708,0.135508,0.0905544,0.0813523,0.203064,0.280697,0.0406259,0.0473766,0.0337437,0.0118014,0.0119763,0.00627565,0.00620632,0.000918144,0.000691854,4.25966e-14,5.41998e-23
#[v_choice,9]
%0,0,0,0,0,0,0,0,0,0,0,0,0,0,0,0,0,0,0,0,0
#[v_choice,10]
%0,0,0,0,0,0,0,0,0,0,0,0,0,0,0,0,0,0,0,0,0
#[v_choice,11]
%0,0.00243792,0.0133958,0.017594,0.0264594,0.0801864,0.0892155,0.0671299,0.185503,0.329221,0.0629901,0.0484738,0.0246836,0.0121464,0.021568,0.00688987,0.0103833,0.00172174,5.60795e-08,2.31682e-17,1.68965e-23
#[v_choice,12]
%0,0,0,0,0,0,0,0,0,0,0,0,0,0,0,0,0,0,0,0,0
#[v_choice,13]
%0,0,0,0,0,0,0,0,0,0,0,0,0,0,0,0,0,0,0,0,0
#[v_choice,14]
%0.000235237,0.00100196,0.00202785,0.00300679,0.000991699,0.0245225,0.0663792,0.123021,0.169677,0.164056,0.20829,0.10533,0.0659393,0.0161795,0.0220689,0.00670831,0.0152399,0.00201478,0.00301423,0.000295796,2.60338e-13
#[v_choice,15]
%0,0,0,0,0,0,0,0,0,0,0,0,0,0,0,0,0,0,0,0,0
#[v_choice,16]
%0,0,0,0,0,0,0,0,0,0,0,0,0,0,0,0,0,0,0,0,0
#[v_choice,17]
%0,0,0.06224,0.0402371,0.0145521,0.0368244,0.150731,0.0795219,0.0635967,0.185325,0.0966811,0.120334,0.0376388,0.0199861,0.0203216,0.0230935,0.0382441,0.0106724,2.22797e-14,3.98732e-25,1.37451e-33
#[v_choice,18]
%0.00177943,0.000539997,0.00376883,0.0065568,0.0105276,0.0583223,0.121113,0.0268517,0.240753,0.331211,0.0630183,0.0408919,0.0448394,0.0097732,0.0201862,0.00678323,0.0100665,0.000920791,0.00088047,0.0012156,1.45054e-11
#[v_choice,19]
%0.00247504,0.00029691,0.00488969,0.0733755,0.0873137,0.153731,0.131843,0.115006,0.192772,0.093337,0.0452471,0.0289887,0.0320647,0.0128979,0.0118448,0.00141707,0.00961529,0.0010097,0.00124749,0.000592375,3.59476e-05
#[v_choice,20]
%0.000791109,0.00249867,0.0105513,0.115568,0.0538629,0.1673,0.0807446,0.124454,0.083494,0.150879,0.0400313,0.0337219,0.053139,0.0454211,0.012006,0.00965134,0.00753356,0.00609074,0.000951318,0.00131025,4.53021e-12
#[v_choice,21]
%0,0,0,0,0,0,0,0,0,0,0,0,0,0,0,0,0,0,0,0,0
#[v_choice,22]
%0,0,0,0,0,0,0,0,0,0,0,0,0,0,0,0,0,0,0,0,0
#[v_choice,23]
%0,0,0,0.0976375,0.0708309,0.107921,0.169961,0.114921,0.278243,0.0487088,0.0306426,7.2222e-10,5.82882e-32,0.000263938,0.0418908,0.0389781,7.49763e-07,1.56232e-14,3.1219e-22,5.53385e-30,6.30312e-38
#[v_choice,24]
%0,0,0,0,0,0,0,0,0,0,0,0,0,0,0,0,0,0,0,0,0
#[v_choice,25]
%6.66852e-07,0.00180922,0.00319459,0.0325194,0.0187312,0.0901835,0.191866,0.210025,0.190627,0.0693636,0.0868814,0.020485,0.0540618,0.00537289,0.0096349,0.00994949,0.00425619,7.47037e-05,0,0.000963633,4.82923e-14
#[v_choice,26]
%0.000810196,0.00015352,0.00630633,0.00526769,0.00835892,0.0323544,0.00521602,0.211896,0.0629024,0.149398,0.0836966,0.186162,0.0438983,0.0815701,0.0702203,0.0264706,0.0197074,6.14265e-31,0.00300991,0.00184572,0.00075522
#[v_choice,27]
%8.46373e-05,0.0118464,0.00374617,0.00813539,0.00115169,0.017485,0.0873846,0.0895175,0.0983234,0.0770043,0.200284,0.173561,0.124295,0.0298218,0.0381159,0.0114717,0.0237868,0.00120735,0.00277493,1.83048e-06,4.43963e-18
#[v_choice,28]
%0,0,0,0,0,0,0,0,0,0,0,0,0,0,0,0,0,0,0,0,0
#[v_choice,29]
%0.000249688,0.00164953,0.0172759,0.0647793,0.0248253,0.0869322,0.0552596,0.202161,0.0723419,0.145128,0.205278,0.0479653,0.0213125,0.0315485,0.0124623,0.0101213,0.000710614,6.12531e-13,6.86759e-22,6.58829e-28,2.9983e-36
#[v_choice,30]
%0,0,0,0,0,0,0,0,0,0,0,0,0,0,0,0,0,0,0,0,0
#[v_choice,31]
%9.52626e-05,0.00519584,0.00153891,0.0348289,0.037667,0.0401928,0.063548,0.130269,0.158383,0.122463,0.03999,0.0892145,0.0495121,0.111492,0.0531115,0.0157795,0.0442277,2.18776e-06,0.00248865,4.36085e-13,2.40879e-24
#[v_choice,32]
%0,8.62799e-06,0.00216452,0.0147593,0.0149612,0.134391,0.0695686,0.145488,0.138994,0.086645,0.10912,0.0901022,0.0855745,0.0375701,0.0324769,0.0237446,0.00979526,0.000129535,0.00450639,7.15823e-12,2.71842e-20
#[v_choice,33]
%0,0,0,0,0,0,0,0,0,0,0,0,0,0,0,0,0,0,0,0,0
#[v_choice,34]
%0,1.65618e-05,0.00146046,0.0111992,0.00914085,0.0530232,0.0711879,0.091905,0.145941,0.209812,0.113462,0.113593,0.073167,0.0227596,0.0388366,0.0155593,0.0208101,0.00294925,0.004368,0.000810462,6.30922e-15
#[v_choice,35]
%0,0,0.000506327,0.00268518,0.00381004,0.0307508,0.0601611,0.128378,0.108495,0.211758,0.210466,0.0886021,0.0637132,0.00534146,0.0414091,0.0108713,0.0240675,0.00057368,0.00660898,0.00180258,6.39989e-10
#[v_choice,36]
%0.00137776,0.00142263,0.00688203,0.0185435,0.00656093,0.0560153,0.0436787,0.0644137,0.192175,0.0994897,0.2116,0.167746,0.0843762,0.0193367,0.00571299,0.0179507,0.00271884,3.06296e-11,1.95898e-19,3.6144e-25,2.67774e-33
#[v_choice,37]
%0,0,0,0,0,0,0,0,0,0,0,0,0,0,0,0,0,0,0,0,0
#[v_choice,38]
%0.000626083,0.00547425,0.00707362,0.0744911,0.0668525,0.164338,0.123457,0.128659,0.165548,0.0975468,0.049902,0.0234602,0.0341897,0.0170999,0.00909851,0.0054287,0.0156163,0.0026628,0.00847552,3.54779e-11,9.41939e-20
#[v_choice,39]
%0,0,0,0,0,0,0,0,0,0,0,0,0,0,0,0,0,0,0,0,0
#[v_choice,40]
%0,0,0,0,0,0,0,0,0,0,0,0,0,0,0,0,0,0,0,0,0
#[v_choice,41]
%0,0,0,0,0,0,0,0,0,0,0,0,0,0,0,0,0,0,0,0,0
#[v_choice,42]
%3.43787e-05,0.00271035,0.043549,0.061873,0.0523804,0.0650618,0.158105,0.135641,0.158043,0.105611,0.0943529,0.0408817,0.0518925,0.0194217,0.0022901,0.00691408,0.00123761,1.85739e-12,2.32181e-21,4.38267e-28,1.13608e-36
#[v_choice,43]
%0,0,0,0,0,0,0,0,0,0,0,0,0,0,0,0,0,0,0,0,0
#[v_choice,44]
%0,0,0,0,0,0,0,0,0,0,0,0,0,0,0,0,0,0,0,0,0
#[v_choice,45]
%0.000967173,0.000708798,0.0140234,0.0948947,0.0553603,0.21262,0.0920187,0.126281,0.200017,0.087289,0.0295609,0.0267549,0.0216912,0.0111689,0.00714654,0.00684707,0.010178,0.00154129,0.0009309,2.32078e-12,1.59258e-20
#[v_choice,46]
%1.26383e-38,0.00669356,0.00346511,0.107417,0.0941982,0.203766,0.110283,0.135771,0.148109,0.0769745,0.0306597,0.024022,0.0224084,0.00490184,0.0123036,0.00470198,0.014325,1.92392e-11,1.42114e-20,6.015e-29,6.39403e-37
#[v_choice,47]
%0.00198381,0.000609438,0.00674269,0.130935,0.101161,0.193537,0.0917549,0.14246,0.142219,0.0944873,0.0231159,0.0189273,0.0195246,0.00422119,0.0107266,0.00788612,0.00842765,0.000491006,0.000788698,2.64323e-13,1.85995e-21
#[v_choice,48]
%0,0,0,0,0,0,0,0,0,0,0,0,0,0,0,0,0,0,0,0,0
#[v_choice,49]
%0.000893681,0.000939983,0.0122783,0.00164795,0.115951,0.131107,0.0900952,0.128128,0.267069,0.0763607,0.0555439,0.054154,0.0189392,0.0177533,0.0150249,0.0110179,0.000411788,0.0026265,5.75112e-05,1.97808e-16,1.87623e-24
#[v_choice,50]
%0,0,0,0,0,0,0,0,0,0,0,0,0,0,0,0,0,0,0,0,0
#[v_choice,51]
%0,0,0,0,0,0,0,0,0,0,0,0,0,0,0,0,0,0,0,0,0
#[v_choice,52]
%0,0,0.00391401,0.00379997,0.105704,0.141659,0.0927541,0.155784,0.27271,0.109668,0.0330054,0.0138279,0.0223427,0.00106832,0.0194104,0.0162907,0.00419461,0.00386573,5.70815e-13,4.83521e-21,3.38566e-31
#[v_choice,53]
%0,0,0,0,0,0,0,0,0,0,0,0,0,0,0,0,0,0,0,0,0
#[v_choice,54]
%0,0,0,0,0,0,1,9.12318e-17,8.63205e-39,0,0,0,0,0,0,0,0,0,0,0,0
#[v_choice,55]
%0,0,0,0,0,0,0,0,0,0,0,0,0,0,0,0,0,0,0,0,0
#[v_choice,56]
%0,0,0,0,0,0,0,0,0,0,0,0,0,0,0,0,0,0,0,0,0
#[v_choice,57]
%0,0,0.0111731,0.00104819,0.115354,0.0755455,0.153043,0.124764,0.338852,0.0478934,0.0184871,0.071586,0.00272285,0.0127243,0.0147215,0.00766214,0.00442233,1.85737e-12,4.28021e-21,3.12505e-29,7.71768e-38
#[v_choice,58]
%0.000154702,0.00867155,0.00161651,0.0239576,0.00627003,0.0535288,0.125188,0.0874755,0.102509,0.0983482,0.155601,0.157589,0.0652009,0.0353946,0.0278648,0.0151509,0.0295844,0.00194857,0.00258539,0.00136059,6.45582e-12
#[v_choice,59]
%0.000168938,4.76316e-06,0.00899557,0.0135463,0.0141313,0.00792194,0.127461,0.0990654,0.081219,0.158647,0.197799,0.136821,0.0688877,0.0197025,0.028827,0.0201594,0.015859,9.67595e-27,1.14402e-05,0.000771054,1.22502e-11
#[v_choice,60]
%0.000169868,4.33194e-06,0.00906398,0.0136308,0.0141906,0.00793247,0.128365,0.0993298,0.0813038,0.159155,0.198431,0.136517,0.0682882,0.0192703,0.028367,0.0195728,0.0156519,0,9.82179e-06,0.000745901,0
#[v_choice,61]
%4.05937e-06,0.00141878,0.0222989,0.0317445,0.0280337,0.0375441,0.124522,0.0887203,0.116967,0.0858905,0.127274,0.126351,0.0840232,0.0387324,0.0449541,0.0248208,0.0112235,0.00211843,0.00251595,0.000843234,2.83583e-14
#[v_choice,62]
%0.000215076,0.000722675,0.0131253,0.0230707,0.0329369,0.0379903,0.145612,0.109161,0.0649289,0.13785,0.183377,0.10481,0.0669909,0.0160619,0.0270918,0.0232422,0.00859687,0.00301789,0.00119798,1.16051e-12,7.41669e-21
#[v_choice,63]
%0,0.00228264,0.0139745,0.0487893,0.0110367,0.013079,0.129243,0.105197,0.0786565,0.109711,0.182758,0.128309,0.0885901,0.0225246,0.00548006,0.0339762,0.0168327,0.00382007,0.00330394,0.00243542,4.05864e-16
#[v_choice,64]
%0,0,0,0,0,0,0,0,0,0,0,0,0,0,0,0,0,0,0,0,0
#[v_choice,65]
%0,0,0,0,0,0,0,0,0,0,0,0,0,0,0,0,0,0,0,0,0
#[v_choice,66]
%0.00989798,6.78247e-07,0.00265012,0.0671149,0.0134406,0.0446572,0.0958691,0.0813196,0.0728205,0.11316,0.25807,0.0878339,0.096786,0.030657,1.12248e-34,0.0257221,2.79478e-08,1.35108e-23,3.42754e-33,2.4217e-42,0
#[v_choice,67]
%0,0,3.51659e-06,0.0519751,8.06274e-06,0.00476645,0.17035,0.104197,0.0947064,0.19147,0.0940671,0.11372,0.0876195,0.0143102,0.0170832,0.0557178,4.95409e-06,1.08136e-15,1.17208e-23,1.68099e-31,4.69674e-39
#[v_choice,68]
%0,0,0,0,0,0,0,0,0,0,0,0,0,0,0,0,0,0,0,0,0
#[v_choice,69]
%0.00051356,4.48738e-05,0.00412509,0.0173484,0.00297064,0.119388,0.125025,0.0743869,0.190524,0.302239,0.0504225,0.0398074,0.028973,0.0106785,0.0101184,0.00287559,0.0156115,0.00212846,0.00114993,0.00166941,1.45257e-11
#[v_choice,70]
%0,0,0,0,0,0,0,0,0,0,0,0,0,0,0,0,0,0,0,0,0
#[v_choice,71]
%0,0,0,0,0,0,0,0,0,0,0,0,0,0,0,0,0,0,1,5.25991e-12,0
#[v_choice,72]
%0,0,0,0,0,0,0,0,0,0,0,0,0,0,0,0,0,0,0,0,0
#[v_choice,73]
%0.000655532,0.0044341,0.00386681,0.00775792,0.00273127,0.0866362,0.130995,0.0700895,0.175324,0.309276,0.0624862,0.0486966,0.0407565,0.0185088,0.0129519,0.0114267,0.00881398,0.00209695,0.00142734,0.00106907,6.41302e-13
#[v_choice,74]
%0,0,0,0,0,0,0,0,0,0,0,0,0,0,0,0,0,0,0,0,0
#[v_choice,75]
%0,0,0,0,0,0,0,0,0,0,0,0,0,0,0,0,0,0,0,0,0
#[v_choice,76]
%0,0,0,0,0,0,0,0,0,0,0,0,0,0,0,0,0,0,0,0,0
#[v_choice,77]
%0.00152567,4.8959e-05,0.000940664,0.00810181,0.000526727,0.0833518,0.142954,0.0664464,0.182979,0.344913,0.0554302,0.0432402,0.0378303,0.00317132,0.0104999,0.0136167,0.00156141,0.0018416,0.00102017,5.00227e-16,2.42522e-26
#[v_choice,78]
%0.000142466,0.00237031,0.00329399,0.0202745,0.00420258,0.128603,0.136815,0.0363356,0.20259,0.285171,0.0559375,0.0379689,0.028816,0.0127309,0.018874,0.00578789,0.0123002,0.00369587,0.00326381,0.000825514,8.01898e-12
#[v_choice,79]
%0,0.00353301,0.00298034,0.00232126,0.00281567,0.101015,0.1331,0.0612481,0.14381,0.28466,0.078155,0.0596968,0.050671,0.0175342,0.0194675,0.02453,0.0123178,3.12872e-42,0.00214367,1.56835e-13,1.64582e-22
#[v_choice,80]
%0,0,0.009452,0.0118692,0.0107241,0.13244,0.111468,0.0437839,0.233234,0.242454,0.0654017,0.0377311,0.0121321,0.00804919,0.0130298,0.0490759,0.0163389,0,0.00281585,5.46002e-20,1.15267e-32
#[v_choice,81]
%0.000622146,0,0.0164231,0.0053895,0.000609492,0.139446,0.109509,0.0358211,0.236434,0.272662,0.0366291,0.053049,0.034289,0.0160457,0.0188062,0.00856887,0.012947,0.00137512,0,0.00137338,1.20317e-11
#[v_choice,82]
%0,0,0,0,0,0,0,0,0,0,0,0,0,0,0,0,0,0,0,0,0
#[v_choice,83]
%0.000521311,0.00105307,0.00503698,0.0101311,0.00879918,0.115026,0.0900039,0.0307408,0.280619,0.267001,0.0535738,0.0426667,0.0367225,0.0110521,0.0111175,0.00857702,0.0208226,0.000838541,0.00139222,0.00430432,5.62733e-12
#[v_choice,84]
%0,0,0,0,0,0,0,0,0,0,0,0,0,0,0,0,0,0,0,0,0
#[v_choice,85]
%0,0,0,0,0,0,0,0,0,0,0,0,0,0,0,0,0,0,0,0,0
#[v_choice,86]
%0,0,0,0,0,0,0,0,0,0,0,0,0,0,0,0,0,0,0,0,0
#[v_choice,87]
%0,0,0,0,0,0,0,0,0,0,0,0,0,0,0,0,0,0,0,0,0
#[v_choice,88]
%0.00421811,3.12936e-05,0.00761295,0.00251533,0.211974,0.0681387,0.0755398,0.182463,0.231313,0.0495082,0.0614359,0.0384252,0.0157282,0.0215226,0.0162464,0.0106196,0.000117524,0.00161615,0.000973746,4.39727e-13,8.89039e-23
@d_5_del
$Dim[3,21]
#[d_gene,0]
%0.00651128,0.00376998,0.0433261,0.0198616,0.0724925,0.150142,0.151192,0.115152,0.15647,0.0860555,0.0569557,0.0493979,0.0286364,0.0469223,8.95824e-05,0.00346461,0.00955984,0,0,0,0
#[d_gene,1]
%0.000253566,0.00136137,0.0212398,0.0109812,0.0382784,0.0617723,0.0615645,0.059628,0.0895486,0.0775356,0.0826088,0.0569524,0.176089,0.0788859,0.0540685,0.0442007,0.0431348,0.027763,0.00179499,0.00511555,0.0072232
#[d_gene,2]
%0.000584874,0.00280535,0.0375238,0.0154763,0.0606206,0.0891632,0.0995737,0.0690499,0.124364,0.0958878,0.074318,0.0541111,0.0675187,0.0319841,0.0216958,0.0843814,0.0378513,0.0204689,0.0013961,0.00445482,0.00677004
@d_3_del
$Dim[3,21,21]
#[d_gene,0],[d_5_del,0]
%0,0,0.00578615,1.03038e-07,0.00729894,0.00202788,0.0101889,0.0188539,0.0236252,0.0179247,0.0128831,0.00233703,0.000806533,2.01913e-06,0,4.78178e-06,0.00199613,0.00276875,0.0634651,0.339321,0.49071
#[d_gene,0],[d_5_del,1]
%0,0,1.92227e-05,7.53436e-06,0.00292577,0.000380317,0.00968085,0.104943,0.068307,0.0990397,0.0824489,0.0176626,0.00703384,4.57537e-09,0,9.11748e-05,0.0462781,0.113404,0.0677969,0.379981,0
#[d_gene,0],[d_5_del,2]
%0,0.000494916,0.00129403,0.000863006,0.0433883,0.0110511,0.0738098,0.28971,0.0804102,0.211033,0.123036,0.132133,0.0141578,5.63826e-10,0,3.46e-06,0.00381254,0.00295306,0.0118486,0,0
#[d_gene,0],[d_5_del,3]
%0,5.2483e-05,0.00356461,0.000962862,0.0242772,0.0168955,0.0486241,0.185427,0.0463968,0.275313,0.0968663,0.196164,0.0924837,3.31877e-10,0,1.46418e-05,0.0027931,0.0101656,0,0,0
#[d_gene,0],[d_5_del,4]
%3.66145e-10,0.00054233,0.00163511,0.00151245,0.0178023,0.00711824,0.0618332,0.203883,0.0582805,0.258219,0.132856,0.14187,0.113337,4.8567e-10,0,9.80843e-08,0.00111167,0,0,0,0
#[d_gene,0],[d_5_del,5]
%9.85436e-05,6.1203e-05,0.000772652,0.00340546,0.0252857,0.00925356,0.0574007,0.201106,0.0685352,0.243178,0.0469013,0.123662,0.220125,2.73796e-06,1.87848e-05,0.000192958,0,0,0,0,0
#[d_gene,0],[d_5_del,6]
%5.05095e-06,8.24144e-05,0.00466694,0.00216716,0.0417464,0.016236,0.0752814,0.262029,0.142252,0.196596,0.0554719,0.202707,0.000741753,3.68237e-07,1.63095e-05,0,0,0,0,0,0
#[d_gene,0],[d_5_del,7]
%1.33776e-06,7.03044e-07,0.0059146,0.0086705,0.0606766,0.0170871,0.0953329,0.35161,0.0736858,0.113792,0.272138,0.00107164,1.80202e-05,1.47328e-06,0,0,0,0,0,0,0
#[d_gene,0],[d_5_del,8]
%0.000486306,5.34268e-06,0.00471841,0.00314905,0.0579043,0.032388,0.116902,0.294815,0.0894883,0.399281,0.00084324,1.88387e-05,7.85732e-09,0,0,0,0,0,0,0,0
#[d_gene,0],[d_5_del,9]
%3.62029e-07,9.67667e-07,0.00945713,0.00404215,0.053222,0.0397762,0.194068,0.295338,0.401673,0.00242127,2.37332e-07,3.62752e-15,0,0,0,0,0,0,0,0,0
#[d_gene,0],[d_5_del,10]
%2.09332e-07,0.000255846,0.0183461,0.0189224,0.0551091,0.140608,0.364618,0.40168,0.000460061,1.82648e-09,7.77177e-34,0,0,0,0,0,0,0,0,0,0
#[d_gene,0],[d_5_del,11]
%8.94207e-08,0.000109104,0.00965188,0.0166726,0.0960492,0.41765,0.459719,0.00014737,1.51801e-24,1.4414e-46,0,0,0,0,0,0,0,0,0,0,0
#[d_gene,0],[d_5_del,12]
%0.000134282,3.63079e-05,0.000612645,0.0124325,0.19458,0.791596,0.00060772,8.17682e-11,8.02311e-17,0,0,0,0,0,0,0,0,0,0,0,0
#[d_gene,0],[d_5_del,13]
%0,0.00207196,0.00115353,0.0557879,0.940291,0.000656529,5.25129e-06,3.352e-05,0,0,0,0,0,0,0,0,0,0,0,0,0
#[d_gene,0],[d_5_del,14]
%0,0,0,3.24857e-09,0.447782,0.0138584,0.53836,0,0,0,0,0,0,0,0,0,0,0,0,0,0
#[d_gene,0],[d_5_del,15]
%0,0,0,0.00450827,0.519034,0.476458,0,0,0,0,0,0,0,0,0,0,0,0,0,0,0
#[d_gene,0],[d_5_del,16]
%0,0,0,0,1,0,0,0,0,0,0,0,0,0,0,0,0,0,0,0,0
#[d_gene,0],[d_5_del,17]
%0,0,0,0,0,0,0,0,0,0,0,0,0,0,0,0,0,0,0,0,0
#[d_gene,0],[d_5_del,18]
%0,0,0,0,0,0,0,0,0,0,0,0,0,0,0,0,0,0,0,0,0
#[d_gene,0],[d_5_del,19]
%0,0,0,0,0,0,0,0,0,0,0,0,0,0,0,0,0,0,0,0,0
#[d_gene,0],[d_5_del,20]
%0,0,0,0,0,0,0,0,0,0,0,0,0,0,0,0,0,0,0,0,0
#[d_gene,1],[d_5_del,0]
%0,0,0,0.219486,5.18761e-08,0.00654796,0,0.000671083,0.0471318,3.00153e-05,0.00153831,0.000368564,0.00474636,6.31692e-05,0.00514851,0.0778707,0.00654163,0,0,0.00359004,0.626265
#[d_gene,1],[d_5_del,1]
%0,0,0,0,0.00461043,0.0038889,4.34121e-05,0.00484072,0.0110932,0.0546089,0.00596959,0.00282542,0.0458845,0.0032056,0.00660019,0.111499,0.00822538,0,0,0.000364799,0.73634
#[d_gene,1],[d_5_del,2]
%0,0.000837244,0.00784565,0.00388429,0.00722302,0.062832,0.00528607,0.0462871,0.0158004,0.108294,0.0788906,0.0640772,0.085336,0.0182246,0.078545,0.3473,0.0281348,1.08781e-24,0,0.000148702,0.0410532
#[d_gene,1],[d_5_del,3]
%0.00427805,1.97681e-06,1.50892e-07,0.000432402,0.0031658,0.00956482,0.0424382,0.0101572,0.0227319,0.0474571,0.0157904,0.0548622,0.0423195,0.0431482,0.106191,0.373264,0.160817,3.61045e-10,0,0.000249636,0.0631308
#[d_gene,1],[d_5_del,4]
%3.88594e-07,0.000540552,0.000251012,1.19545e-05,0.000781098,0.0121537,0.0715284,0.0379546,0.0303418,0.120516,0.0367505,0.0570994,0.0740683,0.0433938,0.0603851,0.242841,0.155453,3.52244e-10,1.89452e-09,0.00021025,0.0557192
#[d_gene,1],[d_5_del,5]
%0,1.40585e-05,0.0095418,0.00592257,0.00238331,0.0274815,0.0872997,0.0866972,0.0538081,0.0771573,0.0500189,0.0477976,0.0456653,0.00733249,0.0517718,0.213621,0.223539,3.05678e-06,0.000251775,0.00969427,0
#[d_gene,1],[d_5_del,6]
%0,0,0.00597542,0.0332526,0.00559669,0.048306,0.0746724,0.126998,0.0578164,0.0872337,0.0392151,0.060985,0.0647675,0.00656509,0.0253898,0.353513,0.00590754,6.79449e-05,0.0037381,0,0
#[d_gene,1],[d_5_del,7]
%0,0.000311034,0.00100288,0.0142539,0.00355037,0.0538674,0.083539,0.137734,0.066178,0.0866864,0.0471724,0.0370014,0.0334154,0.026925,0.401254,0.0046597,0.00114389,0.00130529,0,0,0
#[d_gene,1],[d_5_del,8]
%0,0.00133803,0.0144431,0.00580278,0.00946589,0.0795053,0.139628,0.108533,0.0608274,0.103824,0.0421151,0.0495479,0.0537036,0.321083,0.00960716,0.000393193,0.000182207,0,0,0,0
#[d_gene,1],[d_5_del,9]
%2.10939e-06,0.000693945,0.0172753,0.0148124,0.00829496,0.0758866,0.0603731,0.105605,0.0555604,0.0872217,0.0264606,0.0530867,0.467855,0.024459,0.00237225,4.09617e-05,0,0,0,0,0
#[d_gene,1],[d_5_del,10]
%1.48342e-06,1.98202e-06,0.00587894,0.015198,0.0081851,0.0363579,0.255797,0.160112,0.0560189,0.0561432,0.0300207,0.374983,0.00121235,7.47372e-05,1.53248e-05,0,0,0,0,0,0
#[d_gene,1],[d_5_del,11]
%8.10807e-05,0.000187914,0.0142534,0.025232,0.0236916,0.134163,0.146264,0.14609,0.0610133,0.13019,0.314024,0.00479971,6.00963e-06,3.22186e-06,0,0,0,0,0,0,0
#[d_gene,1],[d_5_del,12]
%0.000132086,2.61298e-05,0.00085439,0.00341228,0.0257177,0.0181017,0.0452537,0.391107,0.0861078,0.426323,0.0027412,0.000221653,1.13619e-06,0,0,0,0,0,0,0,0
#[d_gene,1],[d_5_del,13]
%0.000311441,0.000265042,0.00696036,0.0447543,0.355512,0.0925043,0.0806715,0.213586,0.202836,0.00258083,3.47333e-06,1.42279e-05,0,0,0,0,0,0,0,0,0
#[d_gene,1],[d_5_del,14]
%0.00889244,0.00601944,0.0334022,0.0951783,0.134494,0.116603,0.310042,0.294918,0.000359223,2.04583e-05,7.06175e-05,0,0,0,0,0,0,0,0,0,0
#[d_gene,1],[d_5_del,15]
%0.00223325,0.000819914,0.0276478,0.0893294,0.14132,0.377799,0.36018,0.00025806,5.15172e-05,0.000361063,0,0,0,0,0,0,0,0,0,0,0
#[d_gene,1],[d_5_del,16]
%0.0131058,0.00847655,0.0732133,0.145223,0.384642,0.369383,0.00134895,0.000793358,0.00381352,0,0,0,0,0,0,0,0,0,0,0,0
#[d_gene,1],[d_5_del,17]
%0,0.0642897,0.14374,0.190439,0.570922,0.00136691,0.00276687,0.0264752,0,0,0,0,0,0,0,0,0,0,0,0,0
#[d_gene,1],[d_5_del,18]
%0,0,0.000479299,1.21155e-05,0.000512431,0.0373086,0.961688,0,0,0,0,0,0,0,0,0,0,0,0,0,0
#[d_gene,1],[d_5_del,19]
%0,0,0,0.00236641,0.0410071,0.956626,0,0,0,0,0,0,0,0,0,0,0,0,0,0,0
#[d_gene,1],[d_5_del,20]
%0,0,0,0,1,0,0,0,0,0,0,0,0,0,0,0,0,0,0,0,0
#[d_gene,2],[d_5_del,0]
%0,0,0,0,0,0,0.11158,0.00123985,0.127002,0.00013839,0.000670238,0.000514865,0.00194481,4.24383e-05,0.00511002,0.0279897,0.00090634,4.01369e-25,0,0.000583492,0.722277
#[d_gene,2],[d_5_del,1]
%0,0,0,1.82645e-15,2.2538e-07,4.99405e-05,0.010378,0.00999137,0.0313559,0.0710486,0.00504448,0.00502262,0.0181945,0.00447518,0.00479803,0.0646603,0.00238951,0,0,0.000341074,0.77225
#[d_gene,2],[d_5_del,2]
%0.00193919,0.00346514,0.00166272,0.00601509,0.00288647,0.00345731,0.0981983,0.0255845,0.0257689,0.112102,0.122178,0.0868246,0.0916846,0.0284083,0.0687729,0.200992,0.0146048,3.10669e-11,0,0.000731068,0.104724
#[d_gene,2],[d_5_del,3]
%0,0.000197501,0.00286321,0.00178754,4.53909e-05,0.000334237,0.100089,0.0901053,0.0346,0.0701414,0.0250415,0.0580518,0.030746,0.0414602,0.0883142,0.254698,0.111165,1.01413e-10,0,0.00115031,0.0892094
#[d_gene,2],[d_5_del,4]
%0,1.26661e-05,0.0158879,3.937e-06,0.0011453,0.0126561,0.129124,0.069725,0.0437317,0.143845,0.0638255,0.0795239,0.0852533,0.0349651,0.0396341,0.14123,0.0627549,2.92601e-11,7.71209e-10,0.0010285,0.0756529
#[d_gene,2],[d_5_del,5]
%3.96771e-05,0.000288497,0.017407,0.00082683,0.00286428,0.0129939,0.157148,0.0966244,0.0830305,0.0962188,0.0858276,0.0663314,0.0623056,0.00787041,0.0447478,0.131733,0.101402,1.41879e-06,0.000741383,0.0315976,0
#[d_gene,2],[d_5_del,6]
%1.55455e-05,0.000587914,0.0250751,0.00683291,0.00995039,0.0162059,0.18171,0.0975949,0.0740172,0.10955,0.0631274,0.0826804,0.0665629,0.0065842,0.0203401,0.213537,0.010099,0.000159469,0.0153686,0,0
#[d_gene,2],[d_5_del,7]
%6.69017e-05,0.00101056,0.0272874,0.00353562,0.00283267,0.011964,0.214953,0.0554629,0.061071,0.108371,0.0588483,0.0467547,0.0447367,0.0237549,0.307131,0.0137236,0.00502477,0.0134709,0,0,0
#[d_gene,2],[d_5_del,8]
%0.000405943,2.06634e-05,0.0206235,0.00629936,0.00531422,0.0375067,0.224006,0.10131,0.0715523,0.152863,0.0700581,0.057825,0.0426981,0.187806,0.0151484,0.00337303,0.00319014,0,0,0,0
#[d_gene,2],[d_5_del,9]
%0.000126624,0.000126718,0.0253256,0.0062161,0.00470808,0.0277495,0.188958,0.134205,0.0686027,0.129915,0.0478107,0.0396105,0.282593,0.0239352,0.0186182,0.00149977,0,0,0,0,0
#[d_gene,2],[d_5_del,10]
%3.74932e-09,0.000279083,0.0586964,0.00804265,0.00921179,0.063637,0.276605,0.0757462,0.0794861,0.0727521,0.0323949,0.320976,0.00110624,0.000369504,0.000696631,0,0,0,0,0,0
#[d_gene,2],[d_5_del,11]
%0.0001691,7.46127e-05,0.0360715,0.0273669,0.0275642,0.0766508,0.267198,0.111406,0.0642148,0.120689,0.261768,0.00654338,2.10931e-05,0.000262,0,0,0,0,0,0,0
#[d_gene,2],[d_5_del,12]
%0.000579399,0.000267774,0.0482623,0.0013025,0.0186874,0.0177921,0.089174,0.028451,0.128217,0.658987,0.00612529,0.00206279,9.16285e-05,0,0,0,0,0,0,0,0
#[d_gene,2],[d_5_del,13]
%0.00251962,0.00692409,0.0342204,0.00703845,0.0975755,0.0553972,0.342007,0.123585,0.327429,0.00313019,5.1094e-06,0.000168711,0,0,0,0,0,0,0,0,0
#[d_gene,2],[d_5_del,14]
%0.000452605,0.00705515,0.0644745,0.0190417,0.17943,0.0711277,0.237746,0.420028,0.000479546,1.42045e-05,0.000151132,0,0,0,0,0,0,0,0,0,0
#[d_gene,2],[d_5_del,15]
%5.40287e-05,1.92203e-05,0.000477572,0.00280107,0.109337,0.113326,0.764713,0.00906586,7.1428e-05,0.000134602,0,0,0,0,0,0,0,0,0,0,0
#[d_gene,2],[d_5_del,16]
%0.00281821,0.01038,0.0122067,0.0435827,0.417999,0.498917,0.00795432,0.00356254,0.00258016,0,0,0,0,0,0,0,0,0,0,0,0
#[d_gene,2],[d_5_del,17]
%0,0.0631777,0.205842,0.189678,0.508369,0.00199939,0.00358304,0.0273514,0,0,0,0,0,0,0,0,0,0,0,0,0
#[d_gene,2],[d_5_del,18]
%0,0,0.000760781,1.4837e-05,0.000188557,0.0407505,0.958285,0,0,0,0,0,0,0,0,0,0,0,0,0,0
#[d_gene,2],[d_5_del,19]
%0,0,0,0.00181346,0.0432113,0.954975,0,0,0,0,0,0,0,0,0,0,0,0,0,0,0
#[d_gene,2],[d_5_del,20]
%0,0,0,0,1,0,0,0,0,0,0,0,0,0,0,0,0,0,0,0,0
@j_5_del
$Dim[15,23]
#[j_choice,0]
%0.000314525,0.000334424,0.00750062,0.0619606,0.0477173,0.160296,0.0705238,0.0963474,0.124628,0.0981059,0.0751051,0.046218,0.0309973,0.0141771,0.0441395,0.0273011,0.0060355,1.57429e-06,0.0468362,3.95777e-05,3.24417e-34,0.0412409,0.000179824
#[j_choice,1]
%0.000342742,0.00046644,0.0130403,0.00223781,0.0467681,0.03544,0.0915845,0.0788132,0.203204,0.102151,0.105568,0.0843472,0.15884,0.0253039,0.00852549,0.00311613,0.00549298,0.00870861,0.00302163,9.60526e-05,0.0190633,0.00386945,1.53794e-31
#[j_choice,2]
%0.0017018,0.00436676,0.0195179,0.0008124,0.271264,0.0513066,0.102669,0.0721878,0.136392,0.10028,0.00945818,0.0743134,0.0358093,0.0163292,0.00579003,0.00562978,0.00685177,0,9.85387e-07,0.0213887,0,5.77411e-06,0.0639249
#[j_choice,3]
%0.000281025,0.00236934,0.00821558,0.0211673,0.0419672,0.0160951,0.0273946,0.0364725,0.0792279,0.0803288,0.0689673,0.0721388,0.133097,0.000871108,0.192682,0.0227054,0.0110137,0.00478497,0.00772976,0.00174441,9.70013e-09,0.000213052,0.170533
#[j_choice,4]
%3.66118e-05,0.00085832,0.0412061,0.0434778,0.0401697,0.0609191,0.0989506,0.103234,0.109842,0.157777,0.103118,0.089802,0.0278401,0.020951,0.00218843,0.0806531,0.00404268,0.00150609,0.000762189,0.00224837,0.00112685,8.20442e-05,0.00920674
#[j_choice,5]
%0.000175194,0.016735,0.041413,0.0140087,0.0134889,0.0217487,0.00864972,0.039006,0.0237068,0.0819912,0.0645483,0.201116,0.102645,0.110821,0.110964,0.023062,0.0376162,0.0151695,0.045177,0.00598338,0.00203107,0.00140131,0.0185422
#[j_choice,6]
%0,0,0,0,0,0,0,0,0,0,0,0,0,0,0,0,0,0,0,0,0,0,1
#[j_choice,7]
%0.000278477,0.00752953,0.0329383,0.00751761,0.0452854,0.0387503,0.0601345,0.0471698,0.130357,0.0864052,0.131074,0.100665,0.122442,0.0738962,0.0423429,0.0126051,0.0144913,0.0056407,0.00945495,0.013886,0.000966555,0.0106968,0.00547223
#[j_choice,8]
%0.00132962,0.00019183,0.00445076,0.00179374,0.0720155,0.0665103,0.0791197,0.0841427,0.140401,0.102823,0.103729,0.0901052,0.00140809,0.126191,0.00991384,0.00348623,0.00166719,0.00175057,0.00108224,1.67703e-05,0,0.00245802,0.105413
#[j_choice,9]
%0,4.62825e-07,0.0379502,0.0189369,0.0548534,0.0737602,0.240777,0.0858616,0.158266,0.0917725,0.109601,0.0396316,0.0183619,0.0197142,0.0093115,0.00572912,0.00140951,0.00625179,0.00530759,0.000312802,9.6685e-06,0.00760076,0.0145796
#[j_choice,10]
%4.25123e-08,6.15594e-06,0.0505425,0.094652,0.0394902,0.0877649,0.0539562,0.0619296,0.00414981,0.221937,0.0665601,0.0378478,0.0501589,0.0266235,0.00553486,0.00373558,0.0060616,0.00132006,0.0025994,0.00780666,1.25149e-05,0,0.177311
#[j_choice,11]
%0.000561086,5.9002e-05,0.0162531,0.00681264,0.00455607,0.0592009,0.177365,0.12332,0.12463,0.237477,0.0549819,0.0391637,0.00669252,0.00301935,0.030664,0.00179706,0.00187279,0.00355758,0.000180559,0.000856449,4.77127e-07,0.106633,0.000346538
#[j_choice,12]
%0.000939883,0.000529844,0.00534505,0.0031165,0.122392,0.0316341,0.0782219,0.0204383,0.018742,0.0517151,0.00487983,0.00460097,0.00255023,0.00370347,0,0.00116772,0.00106952,0.00410374,4.23927e-07,0,0,0,0.64485
#[j_choice,13]
%7.82888e-05,0.00360745,0.0275795,0.00159111,0.0702056,0.0614337,0.136579,0.209062,0.140447,0.11423,0.095208,0.0614067,0.0140234,0.0138981,0.00217979,0.0102415,0.0092676,0.000836267,0.00813451,0.0141105,0.00583898,0,4.10523e-05
#[j_choice,14]
%0.0107648,0.00763239,0.00263478,8.3264e-05,0.0824016,0.0539718,0.170731,0.208321,0.117632,0.0803453,0.10119,0.103844,0.00124983,0.02109,0.000788642,0.00627874,0.00452835,0.00570831,0,0,0,0.0191701,0.00163411
@vd_ins
$Dim[31]
#
%0.0511705,0.0575494,0.103446,0.137688,0.135993,0.106511,0.0957112,0.0716775,0.0626071,0.046721,0.0350389,0.0281059,0.0196343,0.0138433,0.00990954,0.00778555,0.00502807,0.00400173,0.0022632,0.00163433,0.000854507,0.000742186,0.00038198,0.000336755,0.000167355,0.000186574,8.41937e-05,6.14704e-05,5.28443e-05,0.000262322,0.000550275
@vd_dinucl
$Dim[16]
#
%0.26648,0.268834,0.275988,0.188698,0.164187,0.438457,0.208917,0.188439,0.253567,0.202269,0.344932,0.199232,0.203738,0.323452,0.208664,0.264146
@dj_ins
$Dim[31]
#
%0.0719554,0.0563345,0.0855143,0.127028,0.12186,0.108232,0.0859492,0.0745618,0.0507897,0.0388103,0.0357069,0.0268135,0.0215603,0.0195199,0.0166126,0.0144175,0.0102015,0.00954077,0.00730822,0.00544689,0.00432498,0.00246807,0.00175657,0.000934188,0.000572187,0.000720642,0.000444661,0.000106769,7.10554e-05,0.000308047,0.00012915
@dj_dinucl
$Dim[16]
#
%0.27811,0.194992,0.338421,0.188477,0.250311,0.3004,0.233797,0.215491,0.232614,0.199906,0.411542,0.155937,0.227489,0.259835,0.250937,0.261739
